Subject,Session,Trial,Accuracy,Target,Distractor,Pair,Distance,JointRank
1,1,1,0,1,5,4,4,6
1,1,2,0,3,8,20,5,11
1,1,3,0,6,9,33,3,15
1,1,4,0,1,9,8,8,10
1,1,5,0,1,2,1,1,3
1,1,6,0,4,9,26,5,13
1,1,7,1,2,6,12,4,8
1,1,8,0,4,8,25,4,12
1,1,9,1,2,5,11,3,7
1,1,10,1,1,4,3,3,5
1,1,11,1,1,3,2,2,4
1,1,12,0,7,8,34,1,15
1,1,13,1,5,6,27,1,11
1,1,14,1,5,9,30,4,14
1,1,15,1,1,6,5,5,7
1,1,16,1,6,8,32,2,14
1,1,17,1,4,7,24,3,11
1,1,18,0,4,6,23,2,10
1,1,19,1,8,9,36,1,17
1,1,20,1,2,3,9,1,5
1,1,21,0,3,5,17,2,8
1,1,22,1,5,8,29,3,13
1,1,23,1,1,8,7,7,9
1,1,24,1,2,8,14,6,10
1,1,25,1,2,7,13,5,9
1,1,26,0,3,7,19,4,10
1,1,27,1,2,9,15,7,11
1,1,28,0,4,5,22,1,9
1,1,29,1,6,7,31,1,13
1,1,30,0,3,6,18,3,9
1,1,31,0,3,9,21,6,12
1,1,32,1,2,4,10,2,6
1,1,33,1,1,7,6,6,8
1,1,34,0,5,7,28,2,12
1,1,35,1,7,9,35,2,16
1,1,36,0,3,4,16,1,7
1,1,37,1,6,9,33,3,15
1,1,38,1,5,8,29,3,13
1,1,39,0,3,7,19,4,10
1,1,40,0,7,8,34,1,15
1,1,41,1,1,8,7,7,9
1,1,42,1,2,4,10,2,6
1,1,43,1,5,7,28,2,12
1,1,44,0,2,5,11,3,7
1,1,45,1,5,9,30,4,14
1,1,46,1,3,4,16,1,7
1,1,47,1,4,7,24,3,11
1,1,48,1,2,7,13,5,9
1,1,49,1,2,8,14,6,10
1,1,50,1,4,6,23,2,10
1,1,51,0,3,9,21,6,12
1,1,52,1,4,8,25,4,12
1,1,53,0,3,5,17,2,8
1,1,54,1,6,8,32,2,14
1,1,55,1,1,6,5,5,7
1,1,56,1,3,8,20,5,11
1,1,57,0,5,6,27,1,11
1,1,58,1,2,3,9,1,5
1,1,59,1,2,6,12,4,8
1,1,60,0,4,9,26,5,13
1,1,61,1,3,6,18,3,9
1,1,62,1,1,4,3,3,5
1,1,63,1,1,2,1,1,3
1,1,64,1,6,7,31,1,13
1,1,65,1,2,9,15,7,11
1,1,66,0,7,9,35,2,16
1,1,67,1,4,5,22,1,9
1,1,68,1,1,9,8,8,10
1,1,69,1,1,5,4,4,6
1,1,70,1,1,3,2,2,4
1,1,71,0,8,9,36,1,17
1,1,72,1,1,7,6,6,8
1,1,73,1,1,5,4,4,6
1,1,74,1,5,7,28,2,12
1,1,75,1,6,9,33,3,15
1,1,76,1,4,8,25,4,12
1,1,77,1,6,8,32,2,14
1,1,78,1,4,9,26,5,13
1,1,79,0,8,9,36,1,17
1,1,80,1,1,8,7,7,9
1,1,81,0,4,6,23,2,10
1,1,82,0,3,6,18,3,9
1,1,83,1,3,8,20,5,11
1,1,84,1,4,7,24,3,11
1,1,85,1,2,8,14,6,10
1,1,86,1,1,6,5,5,7
1,1,87,0,7,8,34,1,15
1,1,88,0,4,5,22,1,9
1,1,89,1,2,5,11,3,7
1,1,90,1,2,7,13,5,9
1,1,91,1,6,7,31,1,13
1,1,92,1,3,9,21,6,12
1,1,93,1,2,4,10,2,6
1,1,94,1,1,7,6,6,8
1,1,95,1,2,6,12,4,8
1,1,96,1,2,9,15,7,11
1,1,97,0,5,9,30,4,14
1,1,98,1,3,5,17,2,8
1,1,99,0,5,6,27,1,11
1,1,100,1,5,8,29,3,13
1,1,101,1,1,3,2,2,4
1,1,102,1,3,4,16,1,7
1,1,103,1,2,3,9,1,5
1,1,104,0,1,2,1,1,3
1,1,105,1,1,4,3,3,5
1,1,106,0,7,9,35,2,16
1,1,107,1,3,7,19,4,10
1,1,108,1,1,9,8,8,10
1,1,109,0,6,7,31,1,13
1,1,110,0,8,9,36,1,17
1,1,111,1,2,7,13,5,9
1,1,112,1,1,7,6,6,8
1,1,113,1,4,8,25,4,12
1,1,114,1,2,9,15,7,11
1,1,115,1,4,5,22,1,9
1,1,116,1,3,9,21,6,12
1,1,117,1,1,8,7,7,9
1,1,118,1,1,6,5,5,7
1,1,119,1,4,7,24,3,11
1,1,120,0,5,8,29,3,13
1,1,121,1,2,6,12,4,8
1,1,122,1,1,5,4,4,6
1,1,123,0,6,9,33,3,15
1,1,124,1,1,4,3,3,5
1,1,125,1,6,8,32,2,14
1,1,126,1,3,8,20,5,11
1,1,127,1,3,6,18,3,9
1,1,128,0,7,9,35,2,16
1,1,129,1,2,8,14,6,10
1,1,130,0,7,8,34,1,15
1,1,131,1,3,5,17,2,8
1,1,132,1,2,5,11,3,7
1,1,133,1,3,4,16,1,7
1,1,134,1,4,9,26,5,13
1,1,135,1,1,2,1,1,3
1,1,136,1,4,6,23,2,10
1,1,137,0,2,3,9,1,5
1,1,138,1,3,7,19,4,10
1,1,139,1,5,7,28,2,12
1,1,140,1,1,9,8,8,10
1,1,141,1,1,3,2,2,4
1,1,142,1,5,9,30,4,14
1,1,143,1,5,6,27,1,11
1,1,144,1,2,4,10,2,6
1,2,1,0,5,7,28,2,12
1,2,2,0,1,9,8,8,10
1,2,3,1,1,2,1,1,3
1,2,4,1,1,8,7,7,9
1,2,5,0,3,8,20,5,11
1,2,6,0,6,7,31,1,13
1,2,7,0,5,8,29,3,13
1,2,8,1,1,7,6,6,8
1,2,9,1,2,6,12,4,8
1,2,10,0,6,8,32,2,14
1,2,11,0,5,9,30,4,14
1,2,12,1,1,5,4,4,6
1,2,13,1,2,9,15,7,11
1,2,14,0,4,6,23,2,10
1,2,15,1,7,9,35,2,16
1,2,16,0,8,9,36,1,17
1,2,17,1,1,3,2,2,4
1,2,18,0,4,5,22,1,9
1,2,19,0,3,4,16,1,7
1,2,20,1,4,7,24,3,11
1,2,21,1,1,6,5,5,7
1,2,22,0,4,8,25,4,12
1,2,23,1,2,4,10,2,6
1,2,24,1,1,4,3,3,5
1,2,25,1,2,8,14,6,10
1,2,26,1,2,3,9,1,5
1,2,27,0,3,5,17,2,8
1,2,28,1,6,9,33,3,15
1,2,29,1,2,5,11,3,7
1,2,30,1,2,7,13,5,9
1,2,31,1,4,9,26,5,13
1,2,32,0,7,8,34,1,15
1,2,33,0,5,6,27,1,11
1,2,34,0,3,9,21,6,12
1,2,35,1,3,7,19,4,10
1,2,36,0,3,6,18,3,9
1,2,37,1,6,8,32,2,14
1,2,38,1,1,4,3,3,5
1,2,39,0,5,6,27,1,11
1,2,40,1,5,9,30,4,14
1,2,41,1,3,8,20,5,11
1,2,42,0,5,8,29,3,13
1,2,43,1,2,8,14,6,10
1,2,44,1,4,8,25,4,12
1,2,45,1,2,7,13,5,9
1,2,46,1,1,9,8,8,10
1,2,47,1,4,5,22,1,9
1,2,48,1,3,6,18,3,9
1,2,49,1,3,7,19,4,10
1,2,50,1,2,4,10,2,6
1,2,51,1,1,5,4,4,6
1,2,52,1,2,9,15,7,11
1,2,53,0,1,3,2,2,4
1,2,54,0,3,4,16,1,7
1,2,55,1,3,5,17,2,8
1,2,56,1,4,7,24,3,11
1,2,57,1,1,8,7,7,9
1,2,58,0,7,9,35,2,16
1,2,59,1,7,8,34,1,15
1,2,60,1,1,7,6,6,8
1,2,61,1,1,2,1,1,3
1,2,62,0,6,7,31,1,13
1,2,63,1,2,3,9,1,5
1,2,64,0,6,9,33,3,15
1,2,65,1,2,6,12,4,8
1,2,66,1,4,9,26,5,13
1,2,67,1,1,6,5,5,7
1,2,68,1,2,5,11,3,7
1,2,69,0,5,7,28,2,12
1,2,70,1,4,6,23,2,10
1,2,71,0,8,9,36,1,17
1,2,72,1,3,9,21,6,12
1,2,73,1,3,4,16,1,7
1,2,74,1,1,7,6,6,8
1,2,75,1,1,3,2,2,4
1,2,76,0,2,3,9,1,5
1,2,77,1,1,6,5,5,7
1,2,78,1,4,7,24,3,11
1,2,79,1,3,9,21,6,12
1,2,80,1,2,6,12,4,8
1,2,81,1,5,7,28,2,12
1,2,82,1,7,8,34,1,15
1,2,83,0,6,7,31,1,13
1,2,84,0,6,8,32,2,14
1,2,85,1,1,9,8,8,10
1,2,86,1,2,7,13,5,9
1,2,87,1,2,4,10,2,6
1,2,88,1,1,4,3,3,5
1,2,89,1,2,8,14,6,10
1,2,90,1,3,6,18,3,9
1,2,91,1,4,8,25,4,12
1,2,92,1,6,9,33,3,15
1,2,93,1,4,5,22,1,9
1,2,94,1,5,9,30,4,14
1,2,95,1,3,8,20,5,11
1,2,96,1,5,8,29,3,13
1,2,97,1,2,9,15,7,11
1,2,98,1,1,8,7,7,9
1,2,99,1,1,5,4,4,6
1,2,100,1,8,9,36,1,17
1,2,101,1,1,2,1,1,3
1,2,102,1,5,6,27,1,11
1,2,103,1,2,5,11,3,7
1,2,104,1,4,9,26,5,13
1,2,105,0,7,9,35,2,16
1,2,106,1,3,5,17,2,8
1,2,107,1,4,6,23,2,10
1,2,108,1,3,7,19,4,10
1,2,109,0,1,3,2,2,4
1,2,110,1,1,8,7,7,9
1,2,111,1,5,7,28,2,12
1,2,112,1,1,6,5,5,7
1,2,113,1,2,4,10,2,6
1,2,114,0,7,9,35,2,16
1,2,115,1,4,9,26,5,13
1,2,116,1,2,3,9,1,5
1,2,117,1,2,6,12,4,8
1,2,118,1,1,2,1,1,3
1,2,119,1,2,8,14,6,10
1,2,120,1,5,9,30,4,14
1,2,121,0,8,9,36,1,17
1,2,122,1,3,8,20,5,11
1,2,123,1,4,8,25,4,12
1,2,124,1,4,5,22,1,9
1,2,125,0,1,4,3,3,5
1,2,126,1,1,7,6,6,8
1,2,127,1,4,6,23,2,10
1,2,128,1,2,9,15,7,11
1,2,129,1,2,5,11,3,7
1,2,130,1,1,9,8,8,10
1,2,131,1,6,9,33,3,15
1,2,132,1,6,8,32,2,14
1,2,133,1,3,7,19,4,10
1,2,134,1,3,5,17,2,8
1,2,135,1,3,6,18,3,9
1,2,136,1,2,7,13,5,9
1,2,137,1,7,8,34,1,15
1,2,138,1,1,5,4,4,6
1,2,139,1,5,8,29,3,13
1,2,140,1,3,4,16,1,7
1,2,141,1,3,9,21,6,12
1,2,142,1,5,6,27,1,11
1,2,143,1,4,7,24,3,11
1,2,144,1,6,7,31,1,13
1,3,1,1,3,4,16,1,7
1,3,2,0,2,7,13,5,9
1,3,3,1,1,9,8,8,10
1,3,4,0,2,5,11,3,7
1,3,5,1,3,5,17,2,8
1,3,6,1,4,9,26,5,13
1,3,7,1,1,3,2,2,4
1,3,8,1,3,9,21,6,12
1,3,9,1,4,6,23,2,10
1,3,10,1,1,5,4,4,6
1,3,11,1,3,7,19,4,10
1,3,12,0,2,8,14,6,10
1,3,13,1,3,6,18,3,9
1,3,14,1,1,8,7,7,9
1,3,15,0,5,6,27,1,11
1,3,16,1,4,5,22,1,9
1,3,17,1,5,7,28,2,12
1,3,18,1,6,9,33,3,15
1,3,19,0,3,8,20,5,11
1,3,20,0,7,9,35,2,16
1,3,21,1,5,8,29,3,13
1,3,22,1,4,8,25,4,12
1,3,23,1,6,7,31,1,13
1,3,24,1,1,7,6,6,8
1,3,25,0,7,8,34,1,15
1,3,26,0,2,3,9,1,5
1,3,27,0,2,9,15,7,11
1,3,28,1,1,2,1,1,3
1,3,29,1,5,9,30,4,14
1,3,30,1,1,4,3,3,5
1,3,31,1,1,6,5,5,7
1,3,32,1,4,7,24,3,11
1,3,33,0,8,9,36,1,17
1,3,34,1,6,8,32,2,14
1,3,35,0,2,4,10,2,6
1,3,36,0,2,6,12,4,8
1,3,37,0,2,7,13,5,9
1,3,38,0,2,8,14,6,10
1,3,39,0,1,5,4,4,6
1,3,40,1,1,9,8,8,10
1,3,41,0,2,6,12,4,8
1,3,42,0,2,4,10,2,6
1,3,43,1,7,8,34,1,15
1,3,44,0,6,7,31,1,13
1,3,45,0,3,5,17,2,8
1,3,46,0,2,3,9,1,5
1,3,47,1,1,2,1,1,3
1,3,48,0,7,9,35,2,16
1,3,49,1,4,7,24,3,11
1,3,50,1,1,4,3,3,5
1,3,51,0,3,4,16,1,7
1,3,52,1,4,5,22,1,9
1,3,53,1,1,8,7,7,9
1,3,54,1,4,8,25,4,12
1,3,55,1,4,6,23,2,10
1,3,56,0,5,9,30,4,14
1,3,57,0,2,5,11,3,7
1,3,58,1,3,7,19,4,10
1,3,59,1,8,9,36,1,17
1,3,60,0,6,8,32,2,14
1,3,61,1,5,8,29,3,13
1,3,62,1,3,6,18,3,9
1,3,63,1,1,3,2,2,4
1,3,64,1,1,6,5,5,7
1,3,65,1,1,7,6,6,8
1,3,66,1,5,6,27,1,11
1,3,67,0,2,9,15,7,11
1,3,68,1,4,9,26,5,13
1,3,69,1,3,8,20,5,11
1,3,70,1,6,9,33,3,15
1,3,71,1,5,7,28,2,12
1,3,72,1,3,9,21,6,12
1,3,73,1,3,8,20,5,11
1,3,74,1,3,9,21,6,12
1,3,75,0,6,9,33,3,15
1,3,76,0,2,9,15,7,11
1,3,77,1,1,9,8,8,10
1,3,78,1,1,3,2,2,4
1,3,79,0,8,9,36,1,17
1,3,80,1,4,8,25,4,12
1,3,81,1,6,8,32,2,14
1,3,82,1,3,7,19,4,10
1,3,83,1,3,5,17,2,8
1,3,84,1,1,5,4,4,6
1,3,85,1,1,2,1,1,3
1,3,86,1,7,9,35,2,16
1,3,87,0,2,7,13,5,9
1,3,88,1,1,4,3,3,5
1,3,89,1,4,9,26,5,13
1,3,90,1,3,4,16,1,7
1,3,91,1,1,8,7,7,9
1,3,92,1,7,8,34,1,15
1,3,93,0,2,5,11,3,7
1,3,94,1,5,9,30,4,14
1,3,95,1,4,6,23,2,10
1,3,96,1,6,7,31,1,13
1,3,97,1,4,7,24,3,11
1,3,98,0,2,6,12,4,8
1,3,99,1,3,6,18,3,9
1,3,100,1,1,6,5,5,7
1,3,101,1,4,5,22,1,9
1,3,102,0,5,6,27,1,11
1,3,103,0,2,8,14,6,10
1,3,104,1,5,8,29,3,13
1,3,105,0,2,3,9,1,5
1,3,106,1,5,7,28,2,12
1,3,107,0,2,4,10,2,6
1,3,108,1,1,7,6,6,8
1,3,109,1,3,8,20,5,11
1,3,110,1,6,8,32,2,14
1,3,111,1,1,6,5,5,7
1,3,112,1,7,9,35,2,16
1,3,113,1,4,8,25,4,12
1,3,114,1,3,9,21,6,12
1,3,115,0,2,6,12,4,8
1,3,116,1,1,8,7,7,9
1,3,117,1,1,9,8,8,10
1,3,118,0,2,9,15,7,11
1,3,119,1,1,7,6,6,8
1,3,120,0,2,8,14,6,10
1,3,121,0,3,4,16,1,7
1,3,122,0,2,4,10,2,6
1,3,123,1,7,8,34,1,15
1,3,124,1,6,9,33,3,15
1,3,125,1,4,9,26,5,13
1,3,126,0,3,5,17,2,8
1,3,127,1,3,7,19,4,10
1,3,128,1,1,3,2,2,4
1,3,129,1,4,6,23,2,10
1,3,130,1,1,5,4,4,6
1,3,131,1,1,2,1,1,3
1,3,132,1,5,7,28,2,12
1,3,133,1,4,5,22,1,9
1,3,134,0,6,7,31,1,13
1,3,135,0,8,9,36,1,17
1,3,136,0,2,7,13,5,9
1,3,137,1,4,7,24,3,11
1,3,138,0,2,5,11,3,7
1,3,139,1,5,6,27,1,11
1,3,140,1,5,8,29,3,13
1,3,141,0,2,3,9,1,5
1,3,142,1,3,6,18,3,9
1,3,143,1,1,4,3,3,5
1,3,144,1,5,9,30,4,14
1,4,1,0,1,4,3,3,5
1,4,2,1,1,2,1,1,3
1,4,3,0,3,9,21,6,12
1,4,4,1,1,8,7,7,9
1,4,5,1,4,9,26,5,13
1,4,6,1,1,7,6,6,8
1,4,7,1,8,9,36,1,17
1,4,8,1,6,9,33,3,15
1,4,9,0,3,5,17,2,8
1,4,10,0,3,4,16,1,7
1,4,11,0,7,8,34,1,15
1,4,12,1,2,5,11,3,7
1,4,13,0,4,5,22,1,9
1,4,14,0,5,6,27,1,11
1,4,15,1,2,3,9,1,5
1,4,16,0,3,6,18,3,9
1,4,17,0,4,8,25,4,12
1,4,18,1,2,8,14,6,10
1,4,19,1,2,7,13,5,9
1,4,20,0,2,6,12,4,8
1,4,21,1,1,3,2,2,4
1,4,22,1,1,5,4,4,6
1,4,23,1,2,4,10,2,6
1,4,24,0,3,8,20,5,11
1,4,25,1,1,6,5,5,7
1,4,26,1,5,9,30,4,14
1,4,27,0,4,6,23,2,10
1,4,28,1,1,9,8,8,10
1,4,29,1,2,9,15,7,11
1,4,30,1,5,8,29,3,13
1,4,31,1,5,7,28,2,12
1,4,32,0,6,8,32,2,14
1,4,33,1,7,9,35,2,16
1,4,34,0,6,7,31,1,13
1,4,35,0,3,7,19,4,10
1,4,36,0,4,7,24,3,11
1,4,37,0,7,9,35,2,16
1,4,38,0,3,7,19,4,10
1,4,39,1,2,4,10,2,6
1,4,40,0,8,9,36,1,17
1,4,41,0,6,9,33,3,15
1,4,42,0,1,4,3,3,5
1,4,43,0,3,9,21,6,12
1,4,44,0,3,4,16,1,7
1,4,45,1,2,7,13,5,9
1,4,46,1,2,8,14,6,10
1,4,47,0,4,5,22,1,9
1,4,48,0,4,9,26,5,13
1,4,49,1,1,8,7,7,9
1,4,50,1,1,2,1,1,3
1,4,51,0,3,8,20,5,11
1,4,52,0,6,8,32,2,14
1,4,53,1,2,5,11,3,7
1,4,54,1,5,7,28,2,12
1,4,55,1,1,9,8,8,10
1,4,56,0,5,6,27,1,11
1,4,57,1,1,5,4,4,6
1,4,58,0,3,5,17,2,8
1,4,59,0,4,7,24,3,11
1,4,60,0,4,8,25,4,12
1,4,61,1,2,6,12,4,8
1,4,62,1,6,7,31,1,13
1,4,63,0,3,6,18,3,9
1,4,64,1,2,9,15,7,11
1,4,65,1,5,8,29,3,13
1,4,66,1,1,3,2,2,4
1,4,67,0,7,8,34,1,15
1,4,68,1,1,7,6,6,8
1,4,69,1,2,3,9,1,5
1,4,70,0,4,6,23,2,10
1,4,71,1,5,9,30,4,14
1,4,72,1,1,6,5,5,7
1,4,73,1,5,6,27,1,11
1,4,74,1,1,7,6,6,8
1,4,75,1,2,3,9,1,5
1,4,76,1,1,9,8,8,10
1,4,77,0,7,9,35,2,16
1,4,78,0,8,9,36,1,17
1,4,79,1,2,9,15,7,11
1,4,80,1,1,8,7,7,9
1,4,81,0,4,9,26,5,13
1,4,82,0,3,9,21,6,12
1,4,83,1,2,7,13,5,9
1,4,84,1,5,9,30,4,14
1,4,85,0,3,8,20,5,11
1,4,86,0,4,6,23,2,10
1,4,87,0,3,7,19,4,10
1,4,88,1,5,8,29,3,13
1,4,89,1,1,3,2,2,4
1,4,90,1,6,8,32,2,14
1,4,91,1,6,7,31,1,13
1,4,92,1,1,2,1,1,3
1,4,93,1,4,7,24,3,11
1,4,94,1,6,9,33,3,15
1,4,95,1,2,5,11,3,7
1,4,96,1,5,7,28,2,12
1,4,97,0,4,5,22,1,9
1,4,98,1,1,5,4,4,6
1,4,99,1,2,8,14,6,10
1,4,100,1,2,6,12,4,8
1,4,101,1,1,6,5,5,7
1,4,102,0,7,8,34,1,15
1,4,103,1,4,8,25,4,12
1,4,104,1,1,4,3,3,5
1,4,105,0,3,6,18,3,9
1,4,106,0,3,4,16,1,7
1,4,107,0,3,5,17,2,8
1,4,108,1,2,4,10,2,6
1,4,109,1,2,9,15,7,11
1,4,110,1,2,3,9,1,5
1,4,111,1,5,7,28,2,12
1,4,112,0,7,9,35,2,16
1,4,113,1,2,6,12,4,8
1,4,114,1,2,8,14,6,10
1,4,115,1,4,9,26,5,13
1,4,116,1,2,5,11,3,7
1,4,117,1,6,8,32,2,14
1,4,118,1,4,7,24,3,11
1,4,119,0,3,6,18,3,9
1,4,120,1,1,3,2,2,4
1,4,121,1,2,7,13,5,9
1,4,122,1,8,9,36,1,17
1,4,123,0,4,5,22,1,9
1,4,124,1,5,9,30,4,14
1,4,125,0,7,8,34,1,15
1,4,126,0,3,9,21,6,12
1,4,127,1,5,8,29,3,13
1,4,128,1,1,4,3,3,5
1,4,129,0,3,8,20,5,11
1,4,130,1,1,8,7,7,9
1,4,131,0,3,4,16,1,7
1,4,132,1,1,9,8,8,10
1,4,133,1,5,6,27,1,11
1,4,134,1,1,7,6,6,8
1,4,135,1,6,7,31,1,13
1,4,136,1,1,2,1,1,3
1,4,137,1,2,4,10,2,6
1,4,138,0,3,5,17,2,8
1,4,139,1,1,6,5,5,7
1,4,140,1,6,9,33,3,15
1,4,141,1,4,8,25,4,12
1,4,142,0,3,7,19,4,10
1,4,143,0,4,6,23,2,10
1,4,144,1,1,5,4,4,6
1,5,1,1,3,8,20,5,11
1,5,2,1,1,6,5,5,7
1,5,3,0,8,9,36,1,17
1,5,4,0,2,6,12,4,8
1,5,5,1,4,6,23,2,10
1,5,6,1,1,4,3,3,5
1,5,7,1,1,7,6,6,8
1,5,8,1,5,9,30,4,14
1,5,9,1,1,5,4,4,6
1,5,10,0,3,7,19,4,10
1,5,11,1,4,9,26,5,13
1,5,12,1,1,2,1,1,3
1,5,13,1,4,5,22,1,9
1,5,14,1,5,7,28,2,12
1,5,15,1,1,8,7,7,9
1,5,16,0,6,8,32,2,14
1,5,17,1,5,6,27,1,11
1,5,18,1,7,8,34,1,15
1,5,19,0,2,8,14,6,10
1,5,20,0,6,9,33,3,15
1,5,21,0,2,9,15,7,11
1,5,22,0,3,5,17,2,8
1,5,23,0,2,7,13,5,9
1,5,24,0,2,3,9,1,5
1,5,25,0,7,9,35,2,16
1,5,26,0,3,9,21,6,12
1,5,27,1,5,8,29,3,13
1,5,28,1,1,3,2,2,4
1,5,29,0,2,5,11,3,7
1,5,30,0,6,7,31,1,13
1,5,31,1,1,9,8,8,10
1,5,32,0,2,4,10,2,6
1,5,33,0,3,4,16,1,7
1,5,34,1,4,8,25,4,12
1,5,35,1,3,6,18,3,9
1,5,36,1,4,7,24,3,11
1,5,37,1,7,8,34,1,15
1,5,38,0,2,8,14,6,10
1,5,39,1,1,3,2,2,4
1,5,40,0,2,7,13,5,9
1,5,41,1,5,9,30,4,14
1,5,42,0,6,7,31,1,13
1,5,43,1,5,8,29,3,13
1,5,44,1,5,6,27,1,11
1,5,45,0,2,9,15,7,11
1,5,46,1,1,5,4,4,6
1,5,47,0,4,5,22,1,9
1,5,48,1,8,9,36,1,17
1,5,49,1,3,4,16,1,7
1,5,50,1,7,9,35,2,16
1,5,51,1,3,6,18,3,9
1,5,52,0,3,7,19,4,10
1,5,53,1,4,9,26,5,13
1,5,54,1,3,8,20,5,11
1,5,55,1,4,6,23,2,10
1,5,56,1,4,7,24,3,11
1,5,57,0,6,8,32,2,14
1,5,58,1,5,7,28,2,12
1,5,59,1,1,7,6,6,8
1,5,60,1,1,6,5,5,7
1,5,61,1,2,6,12,4,8
1,5,62,1,1,8,7,7,9
1,5,63,1,1,4,3,3,5
1,5,64,1,2,3,9,1,5
1,5,65,1,1,9,8,8,10
1,5,66,1,3,9,21,6,12
1,5,67,0,2,5,11,3,7
1,5,68,1,4,8,25,4,12
1,5,69,0,3,5,17,2,8
1,5,70,0,2,4,10,2,6
1,5,71,1,1,2,1,1,3
1,5,72,0,6,9,33,3,15
1,5,73,1,5,8,29,3,13
1,5,74,1,3,8,20,5,11
1,5,75,1,3,5,17,2,8
1,5,76,1,3,6,18,3,9
1,5,77,1,3,4,16,1,7
1,5,78,1,4,6,23,2,10
1,5,79,1,6,9,33,3,15
1,5,80,0,5,9,30,4,14
1,5,81,1,3,9,21,6,12
1,5,82,1,1,4,3,3,5
1,5,83,1,7,9,35,2,16
1,5,84,1,1,8,7,7,9
1,5,85,1,2,3,9,1,5
1,5,86,1,2,9,15,7,11
1,5,87,0,1,6,5,5,7
1,5,88,1,4,7,24,3,11
1,5,89,1,5,7,28,2,12
1,5,90,1,3,7,19,4,10
1,5,91,1,4,5,22,1,9
1,5,92,0,1,3,2,2,4
1,5,93,1,8,9,36,1,17
1,5,94,1,5,6,27,1,11
1,5,95,1,1,2,1,1,3
1,5,96,1,2,8,14,6,10
1,5,97,1,4,9,26,5,13
1,5,98,1,4,8,25,4,12
1,5,99,0,6,8,32,2,14
1,5,100,1,1,9,8,8,10
1,5,101,1,1,5,4,4,6
1,5,102,1,7,8,34,1,15
1,5,103,0,2,5,11,3,7
1,5,104,0,2,4,10,2,6
1,5,105,0,2,7,13,5,9
1,5,106,0,6,7,31,1,13
1,5,107,1,1,7,6,6,8
1,5,108,1,2,6,12,4,8
1,5,109,1,3,9,21,6,12
1,5,110,1,1,8,7,7,9
1,5,111,0,6,8,32,2,14
1,5,112,0,3,5,17,2,8
1,5,113,0,2,7,13,5,9
1,5,114,1,5,8,29,3,13
1,5,115,0,4,8,25,4,12
1,5,116,1,5,6,27,1,11
1,5,117,0,2,5,11,3,7
1,5,118,0,1,5,4,4,6
1,5,119,1,4,7,24,3,11
1,5,120,0,3,4,16,1,7
1,5,121,1,5,7,28,2,12
1,5,122,1,3,8,20,5,11
1,5,123,0,8,9,36,1,17
1,5,124,0,6,7,31,1,13
1,5,125,1,5,9,30,4,14
1,5,126,1,2,6,12,4,8
1,5,127,1,7,8,34,1,15
1,5,128,0,3,7,19,4,10
1,5,129,1,3,6,18,3,9
1,5,130,1,1,7,6,6,8
1,5,131,1,4,9,26,5,13
1,5,132,1,1,2,1,1,3
1,5,133,1,4,6,23,2,10
1,5,134,1,1,6,5,5,7
1,5,135,1,1,4,3,3,5
1,5,136,1,7,9,35,2,16
1,5,137,0,6,9,33,3,15
1,5,138,1,1,3,2,2,4
1,5,139,0,4,5,22,1,9
1,5,140,1,2,9,15,7,11
1,5,141,1,2,8,14,6,10
1,5,142,0,2,4,10,2,6
1,5,143,1,1,9,8,8,10
1,5,144,1,2,3,9,1,5
1,6,1,1,3,7,19,4,10
1,6,2,0,5,9,30,4,14
1,6,3,0,1,6,5,5,7
1,6,4,1,3,6,18,3,9
1,6,5,0,4,9,26,5,13
1,6,6,0,2,9,15,7,11
1,6,7,0,5,6,27,1,11
1,6,8,1,4,5,22,1,9
1,6,9,0,3,4,16,1,7
1,6,10,1,2,7,13,5,9
1,6,11,0,5,7,28,2,12
1,6,12,0,6,7,31,1,13
1,6,13,1,2,8,14,6,10
1,6,14,0,3,8,20,5,11
1,6,15,1,2,6,12,4,8
1,6,16,0,7,8,34,1,15
1,6,17,0,4,8,25,4,12
1,6,18,0,6,9,33,3,15
1,6,19,1,4,6,23,2,10
1,6,20,1,1,8,7,7,9
1,6,21,0,6,8,32,2,14
1,6,22,1,2,5,11,3,7
1,6,23,1,2,3,9,1,5
1,6,24,1,1,9,8,8,10
1,6,25,1,4,7,24,3,11
1,6,26,0,5,8,29,3,13
1,6,27,1,3,9,21,6,12
1,6,28,1,1,7,6,6,8
1,6,29,0,7,9,35,2,16
1,6,30,0,1,4,3,3,5
1,6,31,1,2,4,10,2,6
1,6,32,1,1,3,2,2,4
1,6,33,1,3,5,17,2,8
1,6,34,0,8,9,36,1,17
1,6,35,0,1,2,1,1,3
1,6,36,1,1,5,4,4,6
1,6,37,1,4,6,23,2,10
1,6,38,1,1,5,4,4,6
1,6,39,1,3,8,20,5,11
1,6,40,0,7,8,34,1,15
1,6,41,1,1,7,6,6,8
1,6,42,1,6,7,31,1,13
1,6,43,1,6,9,33,3,15
1,6,44,0,1,2,1,1,3
1,6,45,0,7,9,35,2,16
1,6,46,1,2,3,9,1,5
1,6,47,1,2,5,11,3,7
1,6,48,0,5,9,30,4,14
1,6,49,1,1,9,8,8,10
1,6,50,1,1,4,3,3,5
1,6,51,1,4,5,22,1,9
1,6,52,1,4,7,24,3,11
1,6,53,1,4,9,26,5,13
1,6,54,1,3,7,19,4,10
1,6,55,1,3,9,21,6,12
1,6,56,1,4,8,25,4,12
1,6,57,1,3,6,18,3,9
1,6,58,1,3,5,17,2,8
1,6,59,1,2,8,14,6,10
1,6,60,1,2,7,13,5,9
1,6,61,0,5,8,29,3,13
1,6,62,0,8,9,36,1,17
1,6,63,1,1,3,2,2,4
1,6,64,0,3,4,16,1,7
1,6,65,0,2,4,10,2,6
1,6,66,1,6,8,32,2,14
1,6,67,1,5,7,28,2,12
1,6,68,1,1,8,7,7,9
1,6,69,0,5,6,27,1,11
1,6,70,1,1,6,5,5,7
1,6,71,1,2,6,12,4,8
1,6,72,1,2,9,15,7,11
1,6,73,1,4,7,24,3,11
1,6,74,1,2,3,9,1,5
1,6,75,1,1,6,5,5,7
1,6,76,1,4,8,25,4,12
1,6,77,1,2,5,11,3,7
1,6,78,0,3,4,16,1,7
1,6,79,1,3,7,19,4,10
1,6,80,1,1,5,4,4,6
1,6,81,0,5,6,27,1,11
1,6,82,1,3,8,20,5,11
1,6,83,1,8,9,36,1,17
1,6,84,1,6,7,31,1,13
1,6,85,1,5,9,30,4,14
1,6,86,1,1,4,3,3,5
1,6,87,1,1,9,8,8,10
1,6,88,1,3,9,21,6,12
1,6,89,1,6,9,33,3,15
1,6,90,1,2,8,14,6,10
1,6,91,1,5,8,29,3,13
1,6,92,1,2,6,12,4,8
1,6,93,1,5,7,28,2,12
1,6,94,1,3,5,17,2,8
1,6,95,1,4,5,22,1,9
1,6,96,1,4,9,26,5,13
1,6,97,0,1,2,1,1,3
1,6,98,1,4,6,23,2,10
1,6,99,1,1,8,7,7,9
1,6,100,0,2,4,10,2,6
1,6,101,1,2,9,15,7,11
1,6,102,1,7,8,34,1,15
1,6,103,1,2,7,13,5,9
1,6,104,1,6,8,32,2,14
1,6,105,1,1,7,6,6,8
1,6,106,0,7,9,35,2,16
1,6,107,1,3,6,18,3,9
1,6,108,1,1,3,2,2,4
1,6,109,0,2,9,15,7,11
1,6,110,1,2,7,13,5,9
1,6,111,1,1,3,2,2,4
1,6,112,0,3,6,18,3,9
1,6,113,1,3,9,21,6,12
1,6,114,1,1,6,5,5,7
1,6,115,1,1,8,7,7,9
1,6,116,1,5,8,29,3,13
1,6,117,1,1,4,3,3,5
1,6,118,0,3,4,16,1,7
1,6,119,1,1,5,4,4,6
1,6,120,1,2,3,9,1,5
1,6,121,1,2,4,10,2,6
1,6,122,1,3,7,19,4,10
1,6,123,1,4,9,26,5,13
1,6,124,1,1,7,6,6,8
1,6,125,0,7,9,35,2,16
1,6,126,1,6,8,32,2,14
1,6,127,0,7,8,34,1,15
1,6,128,1,6,9,33,3,15
1,6,129,0,2,6,12,4,8
1,6,130,1,1,9,8,8,10
1,6,131,1,5,7,28,2,12
1,6,132,1,1,2,1,1,3
1,6,133,1,4,7,24,3,11
1,6,134,1,6,7,31,1,13
1,6,135,1,2,8,14,6,10
1,6,136,1,4,6,23,2,10
1,6,137,1,4,5,22,1,9
1,6,138,1,5,9,30,4,14
1,6,139,1,3,8,20,5,11
1,6,140,1,2,5,11,3,7
1,6,141,0,5,6,27,1,11
1,6,142,1,8,9,36,1,17
1,6,143,1,3,5,17,2,8
1,6,144,1,4,8,25,4,12
1,7,1,0,3,6,18,3,9
1,7,2,0,7,9,35,2,16
1,7,3,0,8,9,36,1,17
1,7,4,0,2,3,9,1,5
1,7,5,0,4,6,23,2,10
1,7,6,1,4,5,22,1,9
1,7,7,0,3,4,16,1,7
1,7,8,1,4,9,26,5,13
1,7,9,1,1,6,5,5,7
1,7,10,1,4,8,25,4,12
1,7,11,0,2,5,11,3,7
1,7,12,0,1,9,8,8,10
1,7,13,0,2,8,14,6,10
1,7,14,0,5,8,29,3,13
1,7,15,1,1,5,4,4,6
1,7,16,0,2,9,15,7,11
1,7,17,0,3,9,21,6,12
1,7,18,1,1,3,2,2,4
1,7,19,1,2,6,12,4,8
1,7,20,0,3,5,17,2,8
1,7,21,1,1,2,1,1,3
1,7,22,1,3,8,20,5,11
1,7,23,1,2,7,13,5,9
1,7,24,1,6,9,33,3,15
1,7,25,0,5,7,28,2,12
1,7,26,0,6,8,32,2,14
1,7,27,1,1,8,7,7,9
1,7,28,1,2,4,10,2,6
1,7,29,1,1,4,3,3,5
1,7,30,1,3,7,19,4,10
1,7,31,1,1,7,6,6,8
1,7,32,0,7,8,34,1,15
1,7,33,1,4,7,24,3,11
1,7,34,1,6,7,31,1,13
1,7,35,0,5,9,30,4,14
1,7,36,0,5,6,27,1,11
1,7,37,1,3,6,18,3,9
1,7,38,1,3,7,19,4,10
1,7,39,1,1,9,8,8,10
1,7,40,1,2,9,15,7,11
1,7,41,1,1,2,1,1,3
1,7,42,1,4,5,22,1,9
1,7,43,1,4,9,26,5,13
1,7,44,1,2,3,9,1,5
1,7,45,1,4,8,25,4,12
1,7,46,1,3,8,20,5,11
1,7,47,1,6,7,31,1,13
1,7,48,1,1,4,3,3,5
1,7,49,1,2,4,10,2,6
1,7,50,1,2,8,14,6,10
1,7,51,0,5,6,27,1,11
1,7,52,1,3,5,17,2,8
1,7,53,1,2,5,11,3,7
1,7,54,0,5,9,30,4,14
1,7,55,1,1,7,6,6,8
1,7,56,1,4,6,23,2,10
1,7,57,0,7,9,35,2,16
1,7,58,1,1,6,5,5,7
1,7,59,1,5,7,28,2,12
1,7,60,1,5,8,29,3,13
1,7,61,1,2,6,12,4,8
1,7,62,1,6,9,33,3,15
1,7,63,1,6,8,32,2,14
1,7,64,1,1,5,4,4,6
1,7,65,1,3,9,21,6,12
1,7,66,1,1,3,2,2,4
1,7,67,0,3,4,16,1,7
1,7,68,1,4,7,24,3,11
1,7,69,1,8,9,36,1,17
1,7,70,1,1,8,7,7,9
1,7,71,1,2,7,13,5,9
1,7,72,0,7,8,34,1,15
1,7,73,0,6,9,33,3,15
1,7,74,1,2,6,12,4,8
1,7,75,1,4,8,25,4,12
1,7,76,0,2,8,14,6,10
1,7,77,0,6,8,32,2,14
1,7,78,1,1,7,6,6,8
1,7,79,1,3,6,18,3,9
1,7,80,0,2,4,10,2,6
1,7,81,1,1,4,3,3,5
1,7,82,1,6,7,31,1,13
1,7,83,1,1,6,5,5,7
1,7,84,1,2,7,13,5,9
1,7,85,1,1,9,8,8,10
1,7,86,1,3,8,20,5,11
1,7,87,1,4,9,26,5,13
1,7,88,0,5,7,28,2,12
1,7,89,1,1,3,2,2,4
1,7,90,1,1,5,4,4,6
1,7,91,1,3,7,19,4,10
1,7,92,0,7,9,35,2,16
1,7,93,1,2,9,15,7,11
1,7,94,1,5,8,29,3,13
1,7,95,1,3,4,16,1,7
1,7,96,1,7,8,34,1,15
1,7,97,1,5,9,30,4,14
1,7,98,1,4,7,24,3,11
1,7,99,1,2,5,11,3,7
1,7,100,1,1,8,7,7,9
1,7,101,0,5,6,27,1,11
1,7,102,1,4,5,22,1,9
1,7,103,0,2,3,9,1,5
1,7,104,1,1,2,1,1,3
1,7,105,1,4,6,23,2,10
1,7,106,1,3,5,17,2,8
1,7,107,0,8,9,36,1,17
1,7,108,1,3,9,21,6,12
1,7,109,0,6,8,32,2,14
1,7,110,1,4,6,23,2,10
1,7,111,1,2,6,12,4,8
1,7,112,1,6,9,33,3,15
1,7,113,0,5,6,27,1,11
1,7,114,0,2,3,9,1,5
1,7,115,1,4,5,22,1,9
1,7,116,1,1,6,5,5,7
1,7,117,1,1,8,7,7,9
1,7,118,1,6,7,31,1,13
1,7,119,1,5,9,30,4,14
1,7,120,0,3,9,21,6,12
1,7,121,1,7,8,34,1,15
1,7,122,1,3,6,18,3,9
1,7,123,1,1,5,4,4,6
1,7,124,1,2,7,13,5,9
1,7,125,1,1,9,8,8,10
1,7,126,0,7,9,35,2,16
1,7,127,1,4,9,26,5,13
1,7,128,1,2,8,14,6,10
1,7,129,1,1,4,3,3,5
1,7,130,1,4,7,24,3,11
1,7,131,1,1,3,2,2,4
1,7,132,0,2,4,10,2,6
1,7,133,1,4,8,25,4,12
1,7,134,1,1,2,1,1,3
1,7,135,1,3,8,20,5,11
1,7,136,0,3,5,17,2,8
1,7,137,1,2,9,15,7,11
1,7,138,1,5,7,28,2,12
1,7,139,1,8,9,36,1,17
1,7,140,1,3,7,19,4,10
1,7,141,1,2,5,11,3,7
1,7,142,1,1,7,6,6,8
1,7,143,0,3,4,16,1,7
1,7,144,1,5,8,29,3,13
1,8,1,0,1,2,1,1,3
1,8,2,1,2,6,12,4,8
1,8,3,1,5,7,28,2,12
1,8,4,1,2,8,14,6,10
1,8,5,1,3,7,19,4,10
1,8,6,0,4,5,22,1,9
1,8,7,0,1,9,8,8,10
1,8,8,0,1,7,6,6,8
1,8,9,1,3,9,21,6,12
1,8,10,0,8,9,36,1,17
1,8,11,0,1,3,2,2,4
1,8,12,1,3,8,20,5,11
1,8,13,1,7,8,34,1,15
1,8,14,0,4,7,24,3,11
1,8,15,0,1,4,3,3,5
1,8,16,1,2,4,10,2,6
1,8,17,1,3,5,17,2,8
1,8,18,1,5,6,27,1,11
1,8,19,0,7,9,35,2,16
1,8,20,1,2,5,11,3,7
1,8,21,0,1,5,4,4,6
1,8,22,1,3,6,18,3,9
1,8,23,1,3,4,16,1,7
1,8,24,1,5,9,30,4,14
1,8,25,1,4,6,23,2,10
1,8,26,1,2,9,15,7,11
1,8,27,0,6,8,32,2,14
1,8,28,0,1,8,7,7,9
1,8,29,0,5,8,29,3,13
1,8,30,1,2,3,9,1,5
1,8,31,1,6,9,33,3,15
1,8,32,1,4,9,26,5,13
1,8,33,0,4,8,25,4,12
1,8,34,1,2,7,13,5,9
1,8,35,1,1,6,5,5,7
1,8,36,1,6,7,31,1,13
1,8,37,1,2,8,14,6,10
1,8,38,1,3,8,20,5,11
1,8,39,0,1,3,2,2,4
1,8,40,1,3,7,19,4,10
1,8,41,0,4,8,25,4,12
1,8,42,0,5,6,27,1,11
1,8,43,0,4,9,26,5,13
1,8,44,1,6,9,33,3,15
1,8,45,1,1,8,7,7,9
1,8,46,1,5,9,30,4,14
1,8,47,1,3,9,21,6,12
1,8,48,1,8,9,36,1,17
1,8,49,1,7,8,34,1,15
1,8,50,1,2,4,10,2,6
1,8,51,0,4,6,23,2,10
1,8,52,1,2,9,15,7,11
1,8,53,0,5,7,28,2,12
1,8,54,1,3,6,18,3,9
1,8,55,1,1,5,4,4,6
1,8,56,0,6,7,31,1,13
1,8,57,0,2,3,9,1,5
1,8,58,1,2,6,12,4,8
1,8,59,1,1,9,8,8,10
1,8,60,1,3,5,17,2,8
1,8,61,1,1,7,6,6,8
1,8,62,1,2,5,11,3,7
1,8,63,0,6,8,32,2,14
1,8,64,1,7,9,35,2,16
1,8,65,0,1,2,1,1,3
1,8,66,1,3,4,16,1,7
1,8,67,0,4,7,24,3,11
1,8,68,1,1,4,3,3,5
1,8,69,1,2,7,13,5,9
1,8,70,1,1,6,5,5,7
1,8,71,0,5,8,29,3,13
1,8,72,1,4,5,22,1,9
1,8,73,1,1,5,4,4,6
1,8,74,1,3,4,16,1,7
1,8,75,0,1,2,1,1,3
1,8,76,1,6,8,32,2,14
1,8,77,1,6,9,33,3,15
1,8,78,1,3,8,20,5,11
1,8,79,0,7,9,35,2,16
1,8,80,1,2,7,13,5,9
1,8,81,1,3,6,18,3,9
1,8,82,1,5,9,30,4,14
1,8,83,1,2,6,12,4,8
1,8,84,1,2,5,11,3,7
1,8,85,1,7,8,34,1,15
1,8,86,0,4,5,22,1,9
1,8,87,1,4,6,23,2,10
1,8,88,1,1,4,3,3,5
1,8,89,1,3,5,17,2,8
1,8,90,1,8,9,36,1,17
1,8,91,1,1,7,6,6,8
1,8,92,1,1,9,8,8,10
1,8,93,1,2,3,9,1,5
1,8,94,1,2,9,15,7,11
1,8,95,0,5,6,27,1,11
1,8,96,0,1,8,7,7,9
1,8,97,0,5,7,28,2,12
1,8,98,1,4,9,26,5,13
1,8,99,1,3,9,21,6,12
1,8,100,1,4,7,24,3,11
1,8,101,1,1,6,5,5,7
1,8,102,1,2,4,10,2,6
1,8,103,1,4,8,25,4,12
1,8,104,1,3,7,19,4,10
1,8,105,0,5,8,29,3,13
1,8,106,0,1,3,2,2,4
1,8,107,1,2,8,14,6,10
1,8,108,0,6,7,31,1,13
1,8,109,1,3,7,19,4,10
1,8,110,0,8,9,36,1,17
1,8,111,1,1,7,6,6,8
1,8,112,1,6,9,33,3,15
1,8,113,1,1,8,7,7,9
1,8,114,1,1,5,4,4,6
1,8,115,1,2,9,15,7,11
1,8,116,1,2,4,10,2,6
1,8,117,1,3,4,16,1,7
1,8,118,1,3,8,20,5,11
1,8,119,1,4,6,23,2,10
1,8,120,0,7,9,35,2,16
1,8,121,1,5,9,30,4,14
1,8,122,1,1,3,2,2,4
1,8,123,1,6,7,31,1,13
1,8,124,1,4,8,25,4,12
1,8,125,0,1,4,3,3,5
1,8,126,1,2,8,14,6,10
1,8,127,1,2,7,13,5,9
1,8,128,1,1,2,1,1,3
1,8,129,1,2,6,12,4,8
1,8,130,1,4,7,24,3,11
1,8,131,1,4,9,26,5,13
1,8,132,1,3,9,21,6,12
1,8,133,1,3,6,18,3,9
1,8,134,1,3,5,17,2,8
1,8,135,0,7,8,34,1,15
1,8,136,0,5,6,27,1,11
1,8,137,1,5,7,28,2,12
1,8,138,1,1,9,8,8,10
1,8,139,1,4,5,22,1,9
1,8,140,1,2,3,9,1,5
1,8,141,1,1,6,5,5,7
1,8,142,1,2,5,11,3,7
1,8,143,1,6,8,32,2,14
1,8,144,1,5,8,29,3,13
1,9,1,0,1,4,3,3,5
1,9,2,0,6,7,31,1,13
1,9,3,0,2,7,13,5,9
1,9,4,1,2,8,14,6,10
1,9,5,0,1,5,4,4,6
1,9,6,1,3,4,16,1,7
1,9,7,1,2,9,15,7,11
1,9,8,0,1,9,8,8,10
1,9,9,1,5,8,29,3,13
1,9,10,0,1,3,2,2,4
1,9,11,0,6,9,33,3,15
1,9,12,0,1,8,7,7,9
1,9,13,1,3,6,18,3,9
1,9,14,1,2,4,10,2,6
1,9,15,1,3,7,19,4,10
1,9,16,0,4,8,25,4,12
1,9,17,1,2,5,11,3,7
1,9,18,1,1,7,6,6,8
1,9,19,1,7,9,35,2,16
1,9,20,1,8,9,36,1,17
1,9,21,0,1,2,1,1,3
1,9,22,1,4,7,24,3,11
1,9,23,1,4,9,26,5,13
1,9,24,1,2,3,9,1,5
1,9,25,1,3,9,21,6,12
1,9,26,1,5,6,27,1,11
1,9,27,1,5,9,30,4,14
1,9,28,0,3,5,17,2,8
1,9,29,1,4,6,23,2,10
1,9,30,1,5,7,28,2,12
1,9,31,1,6,8,32,2,14
1,9,32,0,7,8,34,1,15
1,9,33,1,2,6,12,4,8
1,9,34,0,4,5,22,1,9
1,9,35,0,1,6,5,5,7
1,9,36,1,3,8,20,5,11
1,9,37,0,7,8,34,1,15
1,9,38,1,2,7,13,5,9
1,9,39,1,2,3,9,1,5
1,9,40,1,5,9,30,4,14
1,9,41,1,5,8,29,3,13
1,9,42,1,5,6,27,1,11
1,9,43,0,1,3,2,2,4
1,9,44,1,2,9,15,7,11
1,9,45,0,4,8,25,4,12
1,9,46,1,6,8,32,2,14
1,9,47,0,1,2,1,1,3
1,9,48,0,1,9,8,8,10
1,9,49,1,7,9,35,2,16
1,9,50,0,4,5,22,1,9
1,9,51,1,3,5,17,2,8
1,9,52,1,2,4,10,2,6
1,9,53,0,4,6,23,2,10
1,9,54,1,2,5,11,3,7
1,9,55,1,2,8,14,6,10
1,9,56,1,3,7,19,4,10
1,9,57,1,4,9,26,5,13
1,9,58,0,8,9,36,1,17
1,9,59,1,3,4,16,1,7
1,9,60,0,1,5,4,4,6
1,9,61,0,1,6,5,5,7
1,9,62,1,3,8,20,5,11
1,9,63,1,4,7,24,3,11
1,9,64,0,6,7,31,1,13
1,9,65,1,3,9,21,6,12
1,9,66,1,3,6,18,3,9
1,9,67,0,6,9,33,3,15
1,9,68,1,1,7,6,6,8
1,9,69,1,5,7,28,2,12
1,9,70,0,2,6,12,4,8
1,9,71,0,1,4,3,3,5
1,9,72,1,1,8,7,7,9
1,9,73,1,3,7,19,4,10
1,9,74,0,4,5,22,1,9
1,9,75,0,1,5,4,4,6
1,9,76,1,2,6,12,4,8
1,9,77,0,4,6,23,2,10
1,9,78,0,4,9,26,5,13
1,9,79,1,2,9,15,7,11
1,9,80,0,6,8,32,2,14
1,9,81,1,2,5,11,3,7
1,9,82,1,3,6,18,3,9
1,9,83,1,3,5,17,2,8
1,9,84,0,5,6,27,1,11
1,9,85,0,7,8,34,1,15
1,9,86,1,5,9,30,4,14
1,9,87,1,2,8,14,6,10
1,9,88,1,1,9,8,8,10
1,9,89,1,3,4,16,1,7
1,9,90,0,1,2,1,1,3
1,9,91,1,5,8,29,3,13
1,9,92,0,6,7,31,1,13
1,9,93,1,1,4,3,3,5
1,9,94,0,4,7,24,3,11
1,9,95,0,4,8,25,4,12
1,9,96,1,1,6,5,5,7
1,9,97,1,2,7,13,5,9
1,9,98,0,8,9,36,1,17
1,9,99,1,1,7,6,6,8
1,9,100,1,2,3,9,1,5
1,9,101,1,3,8,20,5,11
1,9,102,1,1,8,7,7,9
1,9,103,0,6,9,33,3,15
1,9,104,1,2,4,10,2,6
1,9,105,0,1,3,2,2,4
1,9,106,1,5,7,28,2,12
1,9,107,1,3,9,21,6,12
1,9,108,1,7,9,35,2,16
1,9,109,1,5,6,27,1,11
1,9,110,1,2,3,9,1,5
1,9,111,1,1,9,8,8,10
1,9,112,1,2,9,15,7,11
1,9,113,0,4,8,25,4,12
1,9,114,1,2,4,10,2,6
1,9,115,1,2,5,11,3,7
1,9,116,1,1,8,7,7,9
1,9,117,1,2,7,13,5,9
1,9,118,1,3,9,21,6,12
1,9,119,1,2,6,12,4,8
1,9,120,1,2,8,14,6,10
1,9,121,1,1,4,3,3,5
1,9,122,0,6,8,32,2,14
1,9,123,0,1,2,1,1,3
1,9,124,1,7,9,35,2,16
1,9,125,0,4,6,23,2,10
1,9,126,1,3,7,19,4,10
1,9,127,1,5,7,28,2,12
1,9,128,0,4,7,24,3,11
1,9,129,1,3,6,18,3,9
1,9,130,1,5,8,29,3,13
1,9,131,1,3,4,16,1,7
1,9,132,1,8,9,36,1,17
1,9,133,0,4,9,26,5,13
1,9,134,1,3,5,17,2,8
1,9,135,1,1,7,6,6,8
1,9,136,1,5,9,30,4,14
1,9,137,0,4,5,22,1,9
1,9,138,0,6,9,33,3,15
1,9,139,0,1,3,2,2,4
1,9,140,0,7,8,34,1,15
1,9,141,1,3,8,20,5,11
1,9,142,1,6,7,31,1,13
1,9,143,0,1,5,4,4,6
1,9,144,1,1,6,5,5,7
1,10,1,1,4,7,24,3,11
1,10,2,0,2,4,10,2,6
1,10,3,1,4,6,23,2,10
1,10,4,1,2,7,13,5,9
1,10,5,0,1,2,1,1,3
1,10,6,1,6,8,32,2,14
1,10,7,0,1,4,3,3,5
1,10,8,1,2,3,9,1,5
1,10,9,1,5,9,30,4,14
1,10,10,1,2,6,12,4,8
1,10,11,1,4,9,26,5,13
1,10,12,1,7,8,34,1,15
1,10,13,0,1,5,4,4,6
1,10,14,1,1,8,7,7,9
1,10,15,0,3,5,17,2,8
1,10,16,1,2,5,11,3,7
1,10,17,0,8,9,36,1,17
1,10,18,0,4,5,22,1,9
1,10,19,1,2,9,15,7,11
1,10,20,0,6,9,33,3,15
1,10,21,0,5,7,28,2,12
1,10,22,1,3,4,16,1,7
1,10,23,1,7,9,35,2,16
1,10,24,0,6,7,31,1,13
1,10,25,1,5,6,27,1,11
1,10,26,1,1,6,5,5,7
1,10,27,1,4,8,25,4,12
1,10,28,1,5,8,29,3,13
1,10,29,0,3,6,18,3,9
1,10,30,1,1,9,8,8,10
1,10,31,1,3,7,19,4,10
1,10,32,1,3,8,20,5,11
1,10,33,1,2,8,14,6,10
1,10,34,1,1,3,2,2,4
1,10,35,1,3,9,21,6,12
1,10,36,1,1,7,6,6,8
1,10,37,1,4,6,23,2,10
1,10,38,1,4,5,22,1,9
1,10,39,1,6,9,33,3,15
1,10,40,1,2,5,11,3,7
1,10,41,1,3,9,21,6,12
1,10,42,1,1,7,6,6,8
1,10,43,1,2,8,14,6,10
1,10,44,0,1,2,1,1,3
1,10,45,1,5,8,29,3,13
1,10,46,1,5,7,28,2,12
1,10,47,0,8,9,36,1,17
1,10,48,1,3,8,20,5,11
1,10,49,1,2,7,13,5,9
1,10,50,1,3,6,18,3,9
1,10,51,1,7,8,34,1,15
1,10,52,1,4,8,25,4,12
1,10,53,0,1,3,2,2,4
1,10,54,0,4,9,26,5,13
1,10,55,1,6,7,31,1,13
1,10,56,1,1,8,7,7,9
1,10,57,1,1,9,8,8,10
1,10,58,1,3,4,16,1,7
1,10,59,0,2,3,9,1,5
1,10,60,1,2,6,12,4,8
1,10,61,1,2,9,15,7,11
1,10,62,1,7,9,35,2,16
1,10,63,1,2,4,10,2,6
1,10,64,1,3,7,19,4,10
1,10,65,1,3,5,17,2,8
1,10,66,1,1,5,4,4,6
1,10,67,1,1,4,3,3,5
1,10,68,1,1,6,5,5,7
1,10,69,1,6,8,32,2,14
1,10,70,1,5,6,27,1,11
1,10,71,0,4,7,24,3,11
1,10,72,1,5,9,30,4,14
1,10,73,1,2,7,13,5,9
1,10,74,1,5,6,27,1,11
1,10,75,1,2,8,14,6,10
1,10,76,1,6,9,33,3,15
1,10,77,1,1,7,6,6,8
1,10,78,0,2,3,9,1,5
1,10,79,0,4,7,24,3,11
1,10,80,0,4,6,23,2,10
1,10,81,1,2,5,11,3,7
1,10,82,1,3,5,17,2,8
1,10,83,1,7,8,34,1,15
1,10,84,1,8,9,36,1,17
1,10,85,1,1,5,4,4,6
1,10,86,1,1,4,3,3,5
1,10,87,1,2,6,12,4,8
1,10,88,1,1,6,5,5,7
1,10,89,1,6,7,31,1,13
1,10,90,1,5,7,28,2,12
1,10,91,1,5,9,30,4,14
1,10,92,0,1,2,1,1,3
1,10,93,1,1,8,7,7,9
1,10,94,1,3,7,19,4,10
1,10,95,1,4,9,26,5,13
1,10,96,1,5,8,29,3,13
1,10,97,1,6,8,32,2,14
1,10,98,1,7,9,35,2,16
1,10,99,1,3,4,16,1,7
1,10,100,0,1,3,2,2,4
1,10,101,1,3,9,21,6,12
1,10,102,1,1,9,8,8,10
1,10,103,0,4,8,25,4,12
1,10,104,1,2,9,15,7,11
1,10,105,0,4,5,22,1,9
1,10,106,1,2,4,10,2,6
1,10,107,1,3,6,18,3,9
1,10,108,1,3,8,20,5,11
1,10,109,1,8,9,36,1,17
1,10,110,0,4,8,25,4,12
1,10,111,0,3,5,17,2,8
1,10,112,0,2,3,9,1,5
1,10,113,1,1,3,2,2,4
1,10,114,1,1,9,8,8,10
1,10,115,0,4,5,22,1,9
1,10,116,1,1,6,5,5,7
1,10,117,1,1,2,1,1,3
1,10,118,1,2,7,13,5,9
1,10,119,1,7,8,34,1,15
1,10,120,1,2,9,15,7,11
1,10,121,0,4,7,24,3,11
1,10,122,1,3,6,18,3,9
1,10,123,1,3,8,20,5,11
1,10,124,0,5,7,28,2,12
1,10,125,1,5,9,30,4,14
1,10,126,1,4,9,26,5,13
1,10,127,1,7,9,35,2,16
1,10,128,1,6,9,33,3,15
1,10,129,1,2,8,14,6,10
1,10,130,1,3,9,21,6,12
1,10,131,1,1,5,4,4,6
1,10,132,1,5,6,27,1,11
1,10,133,1,1,7,6,6,8
1,10,134,1,6,7,31,1,13
1,10,135,1,6,8,32,2,14
1,10,136,1,1,8,7,7,9
1,10,137,0,4,6,23,2,10
1,10,138,1,2,4,10,2,6
1,10,139,1,5,8,29,3,13
1,10,140,1,3,4,16,1,7
1,10,141,1,1,4,3,3,5
1,10,142,1,2,6,12,4,8
1,10,143,1,3,7,19,4,10
1,10,144,1,2,5,11,3,7
1,11,1,0,5,6,27,1,11
1,11,2,0,3,6,18,3,9
1,11,3,1,6,9,33,3,15
1,11,4,1,6,8,32,2,14
1,11,5,0,2,9,15,7,11
1,11,6,1,4,9,26,5,13
1,11,7,0,5,9,30,4,14
1,11,8,0,4,7,24,3,11
1,11,9,0,1,4,3,3,5
1,11,10,1,8,9,36,1,17
1,11,11,1,6,7,31,1,13
1,11,12,0,1,7,6,6,8
1,11,13,0,3,8,20,5,11
1,11,14,0,1,8,7,7,9
1,11,15,0,7,8,34,1,15
1,11,16,1,3,7,19,4,10
1,11,17,1,2,7,13,5,9
1,11,18,1,2,4,10,2,6
1,11,19,0,5,8,29,3,13
1,11,20,1,3,5,17,2,8
1,11,21,1,2,8,14,6,10
1,11,22,1,1,9,8,8,10
1,11,23,0,3,9,21,6,12
1,11,24,1,4,8,25,4,12
1,11,25,0,3,4,16,1,7
1,11,26,1,1,5,4,4,6
1,11,27,1,2,5,11,3,7
1,11,28,0,4,6,23,2,10
1,11,29,0,2,6,12,4,8
1,11,30,0,5,7,28,2,12
1,11,31,1,4,5,22,1,9
1,11,32,1,1,6,5,5,7
1,11,33,0,7,9,35,2,16
1,11,34,1,2,3,9,1,5
1,11,35,0,1,2,1,1,3
1,11,36,1,1,3,2,2,4
1,11,37,1,1,4,3,3,5
1,11,38,0,7,8,34,1,15
1,11,39,1,1,8,7,7,9
1,11,40,1,8,9,36,1,17
1,11,41,0,5,6,27,1,11
1,11,42,1,2,8,14,6,10
1,11,43,1,2,7,13,5,9
1,11,44,1,1,7,6,6,8
1,11,45,1,3,9,21,6,12
1,11,46,1,6,7,31,1,13
1,11,47,1,3,7,19,4,10
1,11,48,1,2,3,9,1,5
1,11,49,1,3,5,17,2,8
1,11,50,1,6,8,32,2,14
1,11,51,0,4,8,25,4,12
1,11,52,1,4,9,26,5,13
1,11,53,1,2,5,11,3,7
1,11,54,1,6,9,33,3,15
1,11,55,0,3,4,16,1,7
1,11,56,0,3,6,18,3,9
1,11,57,1,7,9,35,2,16
1,11,58,0,5,9,30,4,14
1,11,59,1,1,9,8,8,10
1,11,60,1,4,7,24,3,11
1,11,61,0,3,8,20,5,11
1,11,62,1,1,6,5,5,7
1,11,63,1,2,9,15,7,11
1,11,64,0,1,2,1,1,3
1,11,65,1,4,6,23,2,10
1,11,66,1,2,4,10,2,6
1,11,67,0,5,8,29,3,13
1,11,68,1,1,3,2,2,4
1,11,69,0,5,7,28,2,12
1,11,70,1,1,5,4,4,6
1,11,71,1,2,6,12,4,8
1,11,72,1,4,5,22,1,9
1,11,73,0,1,2,1,1,3
1,11,74,1,6,9,33,3,15
1,11,75,1,7,9,35,2,16
1,11,76,1,5,7,28,2,12
1,11,77,1,4,5,22,1,9
1,11,78,0,7,8,34,1,15
1,11,79,1,2,5,11,3,7
1,11,80,0,3,6,18,3,9
1,11,81,1,1,9,8,8,10
1,11,82,1,1,5,4,4,6
1,11,83,1,4,9,26,5,13
1,11,84,0,2,6,12,4,8
1,11,85,1,2,9,15,7,11
1,11,86,1,2,7,13,5,9
1,11,87,1,3,9,21,6,12
1,11,88,1,1,6,5,5,7
1,11,89,1,6,7,31,1,13
1,11,90,1,2,3,9,1,5
1,11,91,1,4,7,24,3,11
1,11,92,0,2,8,14,6,10
1,11,93,1,1,8,7,7,9
1,11,94,0,3,4,16,1,7
1,11,95,1,4,8,25,4,12
1,11,96,0,3,8,20,5,11
1,11,97,1,1,3,2,2,4
1,11,98,0,5,8,29,3,13
1,11,99,0,4,6,23,2,10
1,11,100,1,8,9,36,1,17
1,11,101,1,6,8,32,2,14
1,11,102,1,1,4,3,3,5
1,11,103,1,1,7,6,6,8
1,11,104,0,2,4,10,2,6
1,11,105,1,3,5,17,2,8
1,11,106,1,5,9,30,4,14
1,11,107,0,5,6,27,1,11
1,11,108,1,3,7,19,4,10
1,11,109,1,8,9,36,1,17
1,11,110,1,6,9,33,3,15
1,11,111,0,1,7,6,6,8
1,11,112,1,5,7,28,2,12
1,11,113,1,4,5,22,1,9
1,11,114,1,3,8,20,5,11
1,11,115,1,7,9,35,2,16
1,11,116,1,4,6,23,2,10
1,11,117,0,3,4,16,1,7
1,11,118,1,2,9,15,7,11
1,11,119,1,4,7,24,3,11
1,11,120,0,5,8,29,3,13
1,11,121,1,1,5,4,4,6
1,11,122,0,5,6,27,1,11
1,11,123,1,1,4,3,3,5
1,11,124,0,2,7,13,5,9
1,11,125,1,1,6,5,5,7
1,11,126,0,2,3,9,1,5
1,11,127,1,3,9,21,6,12
1,11,128,1,2,8,14,6,10
1,11,129,1,3,7,19,4,10
1,11,130,1,4,8,25,4,12
1,11,131,1,2,6,12,4,8
1,11,132,1,1,8,7,7,9
1,11,133,1,1,2,1,1,3
1,11,134,1,6,8,32,2,14
1,11,135,1,6,7,31,1,13
1,11,136,0,7,8,34,1,15
1,11,137,1,4,9,26,5,13
1,11,138,1,3,5,17,2,8
1,11,139,0,3,6,18,3,9
1,11,140,0,2,4,10,2,6
1,11,141,1,1,3,2,2,4
1,11,142,1,1,9,8,8,10
1,11,143,1,2,5,11,3,7
1,11,144,1,5,9,30,4,14
1,12,1,0,3,6,18,3,9
1,12,2,0,2,4,10,2,6
1,12,3,1,3,8,20,5,11
1,12,4,0,2,7,13,5,9
1,12,5,1,1,8,7,7,9
1,12,6,0,5,8,29,3,13
1,12,7,1,1,5,4,4,6
1,12,8,1,2,9,15,7,11
1,12,9,1,3,5,17,2,8
1,12,10,0,4,8,25,4,12
1,12,11,1,2,6,12,4,8
1,12,12,1,8,9,36,1,17
1,12,13,0,7,8,34,1,15
1,12,14,1,1,4,3,3,5
1,12,15,0,5,7,28,2,12
1,12,16,0,4,6,23,2,10
1,12,17,0,1,3,2,2,4
1,12,18,1,1,7,6,6,8
1,12,19,0,6,8,32,2,14
1,12,20,1,3,4,16,1,7
1,12,21,1,3,7,19,4,10
1,12,22,1,5,6,27,1,11
1,12,23,0,6,9,33,3,15
1,12,24,1,1,6,5,5,7
1,12,25,0,2,3,9,1,5
1,12,26,0,6,7,31,1,13
1,12,27,0,4,9,26,5,13
1,12,28,1,2,5,11,3,7
1,12,29,1,2,8,14,6,10
1,12,30,0,7,9,35,2,16
1,12,31,0,4,5,22,1,9
1,12,32,1,3,9,21,6,12
1,12,33,1,1,9,8,8,10
1,12,34,0,1,2,1,1,3
1,12,35,1,5,9,30,4,14
1,12,36,0,4,7,24,3,11
1,12,37,0,6,8,32,2,14
1,12,38,1,2,7,13,5,9
1,12,39,1,8,9,36,1,17
1,12,40,0,1,3,2,2,4
1,12,41,1,2,6,12,4,8
1,12,42,1,1,5,4,4,6
1,12,43,1,5,6,27,1,11
1,12,44,1,3,8,20,5,11
1,12,45,1,3,6,18,3,9
1,12,46,0,2,8,14,6,10
1,12,47,1,1,6,5,5,7
1,12,48,1,1,8,7,7,9
1,12,49,1,7,9,35,2,16
1,12,50,1,2,4,10,2,6
1,12,51,1,6,7,31,1,13
1,12,52,1,3,5,17,2,8
1,12,53,1,3,9,21,6,12
1,12,54,0,4,8,25,4,12
1,12,55,1,6,9,33,3,15
1,12,56,0,4,6,23,2,10
1,12,57,1,2,9,15,7,11
1,12,58,1,1,7,6,6,8
1,12,59,1,3,4,16,1,7
1,12,60,1,2,5,11,3,7
1,12,61,1,1,4,3,3,5
1,12,62,0,4,5,22,1,9
1,12,63,1,3,7,19,4,10
1,12,64,0,2,3,9,1,5
1,12,65,0,4,9,26,5,13
1,12,66,0,1,9,8,8,10
1,12,67,0,5,7,28,2,12
1,12,68,0,1,2,1,1,3
1,12,69,0,4,7,24,3,11
1,12,70,0,5,8,29,3,13
1,12,71,1,7,8,34,1,15
1,12,72,0,5,9,30,4,14
1,12,73,0,6,7,31,1,13
1,12,74,0,1,7,6,6,8
1,12,75,1,2,4,10,2,6
1,12,76,1,7,9,35,2,16
1,12,77,1,2,5,11,3,7
1,12,78,1,3,8,20,5,11
1,12,79,0,6,8,32,2,14
1,12,80,1,5,9,30,4,14
1,12,81,0,4,7,24,3,11
1,12,82,1,5,7,28,2,12
1,12,83,1,3,6,18,3,9
1,12,84,0,4,5,22,1,9
1,12,85,1,7,8,34,1,15
1,12,86,1,6,9,33,3,15
1,12,87,1,5,6,27,1,11
1,12,88,1,2,6,12,4,8
1,12,89,0,1,5,4,4,6
1,12,90,0,4,8,25,4,12
1,12,91,1,2,9,15,7,11
1,12,92,1,1,4,3,3,5
1,12,93,0,8,9,36,1,17
1,12,94,1,3,4,16,1,7
1,12,95,0,4,9,26,5,13
1,12,96,0,1,8,7,7,9
1,12,97,0,1,3,2,2,4
1,12,98,0,1,2,1,1,3
1,12,99,1,1,9,8,8,10
1,12,100,1,2,3,9,1,5
1,12,101,1,2,8,14,6,10
1,12,102,1,3,7,19,4,10
1,12,103,1,5,8,29,3,13
1,12,104,1,2,7,13,5,9
1,12,105,1,4,6,23,2,10
1,12,106,1,1,6,5,5,7
1,12,107,1,3,9,21,6,12
1,12,108,1,3,5,17,2,8
1,12,109,1,8,9,36,1,17
1,12,110,1,3,4,16,1,7
1,12,111,1,2,5,11,3,7
1,12,112,1,5,7,28,2,12
1,12,113,1,3,9,21,6,12
1,12,114,1,6,9,33,3,15
1,12,115,1,1,7,6,6,8
1,12,116,0,4,5,22,1,9
1,12,117,1,7,9,35,2,16
1,12,118,1,1,5,4,4,6
1,12,119,1,3,7,19,4,10
1,12,120,1,5,8,29,3,13
1,12,121,1,3,5,17,2,8
1,12,122,1,2,9,15,7,11
1,12,123,1,3,6,18,3,9
1,12,124,0,4,9,26,5,13
1,12,125,1,4,6,23,2,10
1,12,126,1,2,7,13,5,9
1,12,127,1,1,8,7,7,9
1,12,128,1,2,3,9,1,5
1,12,129,0,6,7,31,1,13
1,12,130,0,7,8,34,1,15
1,12,131,0,6,8,32,2,14
1,12,132,1,5,6,27,1,11
1,12,133,1,2,4,10,2,6
1,12,134,1,1,9,8,8,10
1,12,135,0,1,2,1,1,3
1,12,136,1,1,4,3,3,5
1,12,137,1,4,7,24,3,11
1,12,138,1,5,9,30,4,14
1,12,139,1,2,8,14,6,10
1,12,140,0,1,3,2,2,4
1,12,141,1,1,6,5,5,7
1,12,142,1,4,8,25,4,12
1,12,143,1,2,6,12,4,8
1,12,144,1,3,8,20,5,11
1,13,1,0,1,4,3,3,5
1,13,2,1,1,3,2,2,4
1,13,3,1,3,8,20,5,11
1,13,4,1,1,7,6,6,8
1,13,5,1,5,6,27,1,11
1,13,6,1,3,7,19,4,10
1,13,7,1,5,7,28,2,12
1,13,8,1,1,9,8,8,10
1,13,9,1,1,8,7,7,9
1,13,10,0,2,7,13,5,9
1,13,11,0,4,8,25,4,12
1,13,12,0,7,9,35,2,16
1,13,13,1,3,5,17,2,8
1,13,14,1,2,8,14,6,10
1,13,15,1,2,5,11,3,7
1,13,16,1,3,9,21,6,12
1,13,17,1,1,5,4,4,6
1,13,18,0,4,5,22,1,9
1,13,19,1,2,6,12,4,8
1,13,20,1,2,4,10,2,6
1,13,21,0,4,6,23,2,10
1,13,22,1,1,2,1,1,3
1,13,23,1,8,9,36,1,17
1,13,24,1,6,9,33,3,15
1,13,25,1,3,6,18,3,9
1,13,26,1,7,8,34,1,15
1,13,27,0,2,3,9,1,5
1,13,28,0,4,9,26,5,13
1,13,29,1,6,7,31,1,13
1,13,30,1,3,4,16,1,7
1,13,31,0,6,8,32,2,14
1,13,32,1,5,8,29,3,13
1,13,33,0,4,7,24,3,11
1,13,34,1,5,9,30,4,14
1,13,35,1,1,6,5,5,7
1,13,36,1,2,9,15,7,11
1,13,37,0,2,3,9,1,5
1,13,38,1,1,9,8,8,10
1,13,39,1,2,8,14,6,10
1,13,40,1,2,4,10,2,6
1,13,41,1,3,8,20,5,11
1,13,42,1,1,3,2,2,4
1,13,43,1,1,8,7,7,9
1,13,44,1,8,9,36,1,17
1,13,45,1,2,7,13,5,9
1,13,46,0,3,5,17,2,8
1,13,47,1,5,9,30,4,14
1,13,48,1,3,7,19,4,10
1,13,49,1,1,4,3,3,5
1,13,50,1,3,6,18,3,9
1,13,51,1,5,6,27,1,11
1,13,52,1,3,4,16,1,7
1,13,53,0,6,9,33,3,15
1,13,54,0,4,5,22,1,9
1,13,55,1,4,7,24,3,11
1,13,56,1,1,6,5,5,7
1,13,57,0,5,8,29,3,13
1,13,58,1,2,9,15,7,11
1,13,59,0,7,8,34,1,15
1,13,60,1,2,6,12,4,8
1,13,61,1,4,9,26,5,13
1,13,62,0,1,2,1,1,3
1,13,63,1,4,8,25,4,12
1,13,64,1,5,7,28,2,12
1,13,65,0,1,5,4,4,6
1,13,66,0,4,6,23,2,10
1,13,67,1,7,9,35,2,16
1,13,68,1,6,7,31,1,13
1,13,69,1,3,9,21,6,12
1,13,70,1,6,8,32,2,14
1,13,71,1,2,5,11,3,7
1,13,72,1,1,7,6,6,8
1,13,73,1,2,9,15,7,11
1,13,74,1,1,8,7,7,9
1,13,75,0,4,7,24,3,11
1,13,76,1,5,8,29,3,13
1,13,77,0,4,5,22,1,9
1,13,78,1,3,7,19,4,10
1,13,79,1,5,6,27,1,11
1,13,80,0,1,3,2,2,4
1,13,81,0,8,9,36,1,17
1,13,82,1,1,5,4,4,6
1,13,83,1,4,6,23,2,10
1,13,84,1,4,8,25,4,12
1,13,85,0,1,2,1,1,3
1,13,86,1,6,9,33,3,15
1,13,87,1,1,9,8,8,10
1,13,88,1,5,9,30,4,14
1,13,89,1,2,6,12,4,8
1,13,90,1,6,8,32,2,14
1,13,91,1,6,7,31,1,13
1,13,92,1,3,5,17,2,8
1,13,93,1,1,4,3,3,5
1,13,94,1,3,8,20,5,11
1,13,95,1,4,9,26,5,13
1,13,96,1,3,9,21,6,12
1,13,97,0,2,7,13,5,9
1,13,98,1,5,7,28,2,12
1,13,99,1,3,6,18,3,9
1,13,100,0,2,5,11,3,7
1,13,101,1,1,6,5,5,7
1,13,102,1,1,7,6,6,8
1,13,103,1,7,8,34,1,15
1,13,104,1,2,4,10,2,6
1,13,105,1,3,4,16,1,7
1,13,106,0,2,3,9,1,5
1,13,107,1,2,8,14,6,10
1,13,108,0,7,9,35,2,16
1,13,109,1,3,8,20,5,11
1,13,110,1,5,8,29,3,13
1,13,111,1,3,4,16,1,7
1,13,112,1,6,7,31,1,13
1,13,113,0,4,8,25,4,12
1,13,114,1,1,7,6,6,8
1,13,115,0,4,7,24,3,11
1,13,116,1,1,9,8,8,10
1,13,117,1,1,6,5,5,7
1,13,118,1,5,6,27,1,11
1,13,119,1,7,8,34,1,15
1,13,120,1,7,9,35,2,16
1,13,121,1,6,9,33,3,15
1,13,122,1,1,2,1,1,3
1,13,123,1,5,7,28,2,12
1,13,124,1,2,7,13,5,9
1,13,125,1,2,4,10,2,6
1,13,126,1,6,8,32,2,14
1,13,127,1,2,8,14,6,10
1,13,128,1,3,9,21,6,12
1,13,129,0,4,5,22,1,9
1,13,130,1,3,7,19,4,10
1,13,131,1,1,5,4,4,6
1,13,132,1,1,8,7,7,9
1,13,133,1,5,9,30,4,14
1,13,134,1,4,9,26,5,13
1,13,135,1,3,6,18,3,9
1,13,136,1,1,4,3,3,5
1,13,137,1,4,6,23,2,10
1,13,138,1,3,5,17,2,8
1,13,139,1,2,6,12,4,8
1,13,140,0,8,9,36,1,17
1,13,141,1,2,5,11,3,7
1,13,142,1,2,9,15,7,11
1,13,143,1,2,3,9,1,5
1,13,144,0,1,3,2,2,4
1,14,1,0,6,8,32,2,14
1,14,2,1,5,8,29,3,13
1,14,3,1,2,8,14,6,10
1,14,4,1,2,6,12,4,8
1,14,5,1,4,6,23,2,10
1,14,6,0,7,8,34,1,15
1,14,7,1,3,9,21,6,12
1,14,8,1,4,8,25,4,12
1,14,9,0,6,9,33,3,15
1,14,10,0,1,5,4,4,6
1,14,11,1,2,5,11,3,7
1,14,12,0,1,2,1,1,3
1,14,13,1,5,7,28,2,12
1,14,14,1,5,9,30,4,14
1,14,15,1,2,3,9,1,5
1,14,16,1,3,8,20,5,11
1,14,17,1,5,6,27,1,11
1,14,18,1,8,9,36,1,17
1,14,19,1,1,9,8,8,10
1,14,20,0,4,5,22,1,9
1,14,21,1,2,7,13,5,9
1,14,22,0,1,4,3,3,5
1,14,23,1,2,9,15,7,11
1,14,24,0,3,7,19,4,10
1,14,25,0,1,8,7,7,9
1,14,26,0,3,4,16,1,7
1,14,27,0,4,7,24,3,11
1,14,28,0,3,5,17,2,8
1,14,29,0,6,7,31,1,13
1,14,30,1,1,6,5,5,7
1,14,31,1,1,7,6,6,8
1,14,32,1,1,3,2,2,4
1,14,33,1,2,4,10,2,6
1,14,34,1,4,9,26,5,13
1,14,35,1,3,6,18,3,9
1,14,36,1,7,9,35,2,16
1,14,37,0,6,7,31,1,13
1,14,38,1,4,6,23,2,10
1,14,39,1,1,5,4,4,6
1,14,40,1,2,8,14,6,10
1,14,41,1,2,5,11,3,7
1,14,42,1,3,7,19,4,10
1,14,43,1,5,6,27,1,11
1,14,44,0,3,5,17,2,8
1,14,45,1,2,4,10,2,6
1,14,46,1,3,8,20,5,11
1,14,47,1,1,9,8,8,10
1,14,48,0,6,8,32,2,14
1,14,49,0,5,9,30,4,14
1,14,50,1,2,6,12,4,8
1,14,51,1,8,9,36,1,17
1,14,52,1,3,6,18,3,9
1,14,53,1,1,4,3,3,5
1,14,54,0,1,3,2,2,4
1,14,55,0,3,4,16,1,7
1,14,56,1,4,7,24,3,11
1,14,57,1,4,5,22,1,9
1,14,58,1,1,6,5,5,7
1,14,59,1,5,7,28,2,12
1,14,60,1,7,8,34,1,15
1,14,61,1,3,9,21,6,12
1,14,62,1,5,8,29,3,13
1,14,63,1,4,8,25,4,12
1,14,64,1,2,3,9,1,5
1,14,65,1,6,9,33,3,15
1,14,66,1,7,9,35,2,16
1,14,67,1,1,2,1,1,3
1,14,68,1,1,8,7,7,9
1,14,69,1,4,9,26,5,13
1,14,70,0,2,7,13,5,9
1,14,71,1,1,7,6,6,8
1,14,72,1,2,9,15,7,11
1,14,73,1,2,8,14,6,10
1,14,74,1,1,5,4,4,6
1,14,75,1,4,7,24,3,11
1,14,76,1,1,8,7,7,9
1,14,77,1,2,6,12,4,8
1,14,78,1,5,9,30,4,14
1,14,79,1,1,7,6,6,8
1,14,80,1,4,5,22,1,9
1,14,81,1,4,8,25,4,12
1,14,82,1,2,5,11,3,7
1,14,83,1,4,9,26,5,13
1,14,84,1,1,3,2,2,4
1,14,85,1,2,4,10,2,6
1,14,86,1,5,7,28,2,12
1,14,87,1,5,6,27,1,11
1,14,88,1,2,9,15,7,11
1,14,89,1,3,9,21,6,12
1,14,90,1,3,7,19,4,10
1,14,91,1,3,4,16,1,7
1,14,92,1,3,6,18,3,9
1,14,93,1,7,9,35,2,16
1,14,94,1,4,6,23,2,10
1,14,95,1,6,8,32,2,14
1,14,96,1,5,8,29,3,13
1,14,97,1,1,4,3,3,5
1,14,98,1,1,6,5,5,7
1,14,99,1,2,3,9,1,5
1,14,100,1,2,7,13,5,9
1,14,101,1,1,9,8,8,10
1,14,102,1,6,9,33,3,15
1,14,103,0,6,7,31,1,13
1,14,104,1,8,9,36,1,17
1,14,105,1,3,8,20,5,11
1,14,106,0,7,8,34,1,15
1,14,107,1,1,2,1,1,3
1,14,108,1,3,5,17,2,8
1,14,109,1,3,9,21,6,12
1,14,110,0,6,8,32,2,14
1,14,111,1,4,6,23,2,10
1,14,112,1,3,8,20,5,11
1,14,113,0,7,8,34,1,15
1,14,114,1,5,7,28,2,12
1,14,115,0,6,7,31,1,13
1,14,116,1,1,4,3,3,5
1,14,117,1,2,3,9,1,5
1,14,118,0,4,5,22,1,9
1,14,119,0,7,9,35,2,16
1,14,120,1,2,7,13,5,9
1,14,121,1,1,8,7,7,9
1,14,122,1,5,9,30,4,14
1,14,123,1,1,9,8,8,10
1,14,124,1,3,7,19,4,10
1,14,125,1,5,8,29,3,13
1,14,126,1,2,6,12,4,8
1,14,127,1,4,8,25,4,12
1,14,128,1,3,6,18,3,9
1,14,129,1,6,9,33,3,15
1,14,130,1,8,9,36,1,17
1,14,131,1,1,7,6,6,8
1,14,132,1,1,3,2,2,4
1,14,133,1,1,2,1,1,3
1,14,134,1,1,6,5,5,7
1,14,135,1,2,5,11,3,7
1,14,136,1,1,5,4,4,6
1,14,137,1,4,9,26,5,13
1,14,138,1,2,9,15,7,11
1,14,139,0,3,5,17,2,8
1,14,140,1,4,7,24,3,11
1,14,141,1,2,4,10,2,6
1,14,142,1,5,6,27,1,11
1,14,143,1,2,8,14,6,10
1,14,144,1,3,4,16,1,7
1,15,1,1,1,3,2,2,4
1,15,2,1,3,6,18,3,9
1,15,3,1,7,8,34,1,15
1,15,4,0,6,7,31,1,13
1,15,5,1,4,5,22,1,9
1,15,6,0,5,8,29,3,13
1,15,7,1,3,5,17,2,8
1,15,8,1,1,4,3,3,5
1,15,9,1,5,9,30,4,14
1,15,10,0,5,7,28,2,12
1,15,11,1,3,4,16,1,7
1,15,12,1,3,9,21,6,12
1,15,13,0,1,9,8,8,10
1,15,14,1,2,7,13,5,9
1,15,15,0,1,2,1,1,3
1,15,16,1,6,8,32,2,14
1,15,17,0,2,3,9,1,5
1,15,18,1,4,8,25,4,12
1,15,19,1,3,7,19,4,10
1,15,20,1,1,8,7,7,9
1,15,21,1,1,5,4,4,6
1,15,22,0,2,9,15,7,11
1,15,23,1,5,6,27,1,11
1,15,24,1,1,7,6,6,8
1,15,25,0,6,9,33,3,15
1,15,26,1,8,9,36,1,17
1,15,27,1,2,6,12,4,8
1,15,28,1,4,9,26,5,13
1,15,29,1,2,5,11,3,7
1,15,30,1,1,6,5,5,7
1,15,31,1,4,6,23,2,10
1,15,32,1,2,8,14,6,10
1,15,33,1,4,7,24,3,11
1,15,34,1,3,8,20,5,11
1,15,35,0,7,9,35,2,16
1,15,36,1,2,4,10,2,6
1,15,37,1,1,4,3,3,5
1,15,38,1,3,9,21,6,12
1,15,39,1,3,7,19,4,10
1,15,40,1,2,9,15,7,11
1,15,41,1,6,9,33,3,15
1,15,42,0,3,4,16,1,7
1,15,43,0,1,5,4,4,6
1,15,44,0,4,8,25,4,12
1,15,45,0,8,9,36,1,17
1,15,46,1,2,7,13,5,9
1,15,47,1,4,5,22,1,9
1,15,48,1,2,6,12,4,8
1,15,49,1,7,9,35,2,16
1,15,50,1,1,8,7,7,9
1,15,51,1,3,8,20,5,11
1,15,52,0,7,8,34,1,15
1,15,53,0,1,2,1,1,3
1,15,54,0,4,6,23,2,10
1,15,55,1,3,6,18,3,9
1,15,56,1,2,8,14,6,10
1,15,57,1,6,7,31,1,13
1,15,58,1,5,7,28,2,12
1,15,59,0,5,6,27,1,11
1,15,60,1,1,9,8,8,10
1,15,61,1,4,9,26,5,13
1,15,62,0,5,8,29,3,13
1,15,63,1,4,7,24,3,11
1,15,64,1,2,5,11,3,7
1,15,65,1,2,4,10,2,6
1,15,66,0,1,3,2,2,4
1,15,67,1,2,3,9,1,5
1,15,68,0,5,9,30,4,14
1,15,69,1,6,8,32,2,14
1,15,70,0,1,6,5,5,7
1,15,71,1,3,5,17,2,8
1,15,72,1,1,7,6,6,8
1,15,73,1,1,9,8,8,10
1,15,74,1,2,5,11,3,7
1,15,75,1,2,9,15,7,11
1,15,76,1,3,7,19,4,10
1,15,77,1,3,8,20,5,11
1,15,78,1,6,7,31,1,13
1,15,79,1,2,8,14,6,10
1,15,80,1,2,6,12,4,8
1,15,81,0,5,6,27,1,11
1,15,82,1,6,9,33,3,15
1,15,83,1,2,7,13,5,9
1,15,84,1,2,3,9,1,5
1,15,85,0,1,4,3,3,5
1,15,86,1,6,8,32,2,14
1,15,87,1,3,5,17,2,8
1,15,88,1,4,7,24,3,11
1,15,89,0,7,9,35,2,16
1,15,90,1,3,9,21,6,12
1,15,91,1,1,8,7,7,9
1,15,92,1,5,9,30,4,14
1,15,93,1,7,8,34,1,15
1,15,94,1,4,6,23,2,10
1,15,95,0,3,4,16,1,7
1,15,96,1,3,6,18,3,9
1,15,97,1,2,4,10,2,6
1,15,98,0,1,3,2,2,4
1,15,99,1,1,7,6,6,8
1,15,100,0,4,9,26,5,13
1,15,101,0,8,9,36,1,17
1,15,102,1,1,5,4,4,6
1,15,103,0,1,2,1,1,3
1,15,104,1,4,8,25,4,12
1,15,105,1,5,8,29,3,13
1,15,106,1,5,7,28,2,12
1,15,107,1,1,6,5,5,7
1,15,108,0,4,5,22,1,9
1,15,109,1,4,7,24,3,11
1,15,110,1,5,6,27,1,11
1,15,111,1,1,6,5,5,7
1,15,112,1,3,9,21,6,12
1,15,113,1,4,8,25,4,12
1,15,114,1,2,5,11,3,7
1,15,115,1,6,9,33,3,15
1,15,116,1,2,9,15,7,11
1,15,117,1,2,6,12,4,8
1,15,118,1,2,3,9,1,5
1,15,119,1,5,8,29,3,13
1,15,120,1,3,7,19,4,10
1,15,121,1,6,8,32,2,14
1,15,122,1,4,9,26,5,13
1,15,123,1,5,7,28,2,12
1,15,124,1,8,9,36,1,17
1,15,125,1,4,5,22,1,9
1,15,126,0,5,9,30,4,14
1,15,127,0,1,4,3,3,5
1,15,128,1,6,7,31,1,13
1,15,129,0,1,3,2,2,4
1,15,130,1,2,7,13,5,9
1,15,131,1,3,6,18,3,9
1,15,132,0,7,8,34,1,15
1,15,133,1,7,9,35,2,16
1,15,134,1,3,5,17,2,8
1,15,135,1,1,9,8,8,10
1,15,136,1,3,8,20,5,11
1,15,137,1,1,8,7,7,9
1,15,138,1,3,4,16,1,7
1,15,139,1,2,4,10,2,6
1,15,140,1,1,5,4,4,6
1,15,141,0,1,2,1,1,3
1,15,142,0,4,6,23,2,10
1,15,143,1,2,8,14,6,10
1,15,144,1,1,7,6,6,8
1,16,1,0,2,6,12,4,8
1,16,2,1,1,2,1,1,3
1,16,3,0,3,7,19,4,10
1,16,4,0,4,5,22,1,9
1,16,5,0,1,8,7,7,9
1,16,6,1,3,4,16,1,7
1,16,7,0,2,9,15,7,11
1,16,8,1,3,9,21,6,12
1,16,9,1,7,9,35,2,16
1,16,10,1,7,8,34,1,15
1,16,11,0,5,8,29,3,13
1,16,12,0,4,8,25,4,12
1,16,13,1,1,5,4,4,6
1,16,14,0,1,3,2,2,4
1,16,15,0,2,4,10,2,6
1,16,16,1,2,5,11,3,7
1,16,17,1,6,8,32,2,14
1,16,18,0,5,7,28,2,12
1,16,19,1,3,5,17,2,8
1,16,20,1,1,4,3,3,5
1,16,21,0,1,6,5,5,7
1,16,22,0,2,8,14,6,10
1,16,23,0,1,7,6,6,8
1,16,24,0,2,7,13,5,9
1,16,25,0,8,9,36,1,17
1,16,26,0,2,3,9,1,5
1,16,27,0,4,9,26,5,13
1,16,28,1,4,7,24,3,11
1,16,29,1,6,7,31,1,13
1,16,30,1,1,9,8,8,10
1,16,31,0,4,6,23,2,10
1,16,32,1,3,8,20,5,11
1,16,33,1,3,6,18,3,9
1,16,34,0,5,6,27,1,11
1,16,35,1,6,9,33,3,15
1,16,36,1,5,9,30,4,14
1,16,37,1,1,7,6,6,8
1,16,38,1,1,8,7,7,9
1,16,39,1,1,9,8,8,10
1,16,40,1,3,5,17,2,8
1,16,41,1,3,6,18,3,9
1,16,42,1,6,8,32,2,14
1,16,43,0,2,6,12,4,8
1,16,44,1,5,9,30,4,14
1,16,45,1,8,9,36,1,17
1,16,46,0,4,5,22,1,9
1,16,47,1,5,6,27,1,11
1,16,48,1,7,9,35,2,16
1,16,49,1,3,7,19,4,10
1,16,50,1,6,9,33,3,15
1,16,51,1,3,8,20,5,11
1,16,52,1,1,2,1,1,3
1,16,53,1,5,7,28,2,12
1,16,54,0,2,8,14,6,10
1,16,55,1,3,9,21,6,12
1,16,56,1,1,4,3,3,5
1,16,57,1,5,8,29,3,13
1,16,58,1,3,4,16,1,7
1,16,59,0,2,7,13,5,9
1,16,60,0,4,7,24,3,11
1,16,61,0,2,5,11,3,7
1,16,62,0,1,5,4,4,6
1,16,63,1,2,9,15,7,11
1,16,64,1,6,7,31,1,13
1,16,65,0,1,6,5,5,7
1,16,66,1,4,8,25,4,12
1,16,67,0,2,4,10,2,6
1,16,68,0,1,3,2,2,4
1,16,69,0,4,9,26,5,13
1,16,70,0,7,8,34,1,15
1,16,71,0,2,3,9,1,5
1,16,72,0,4,6,23,2,10
1,16,73,0,1,3,2,2,4
1,16,74,1,5,8,29,3,13
1,16,75,0,4,5,22,1,9
1,16,76,1,1,4,3,3,5
1,16,77,0,3,5,17,2,8
1,16,78,0,6,8,32,2,14
1,16,79,1,1,6,5,5,7
1,16,80,1,1,5,4,4,6
1,16,81,1,7,8,34,1,15
1,16,82,1,6,9,33,3,15
1,16,83,1,5,6,27,1,11
1,16,84,1,5,7,28,2,12
1,16,85,0,3,8,20,5,11
1,16,86,1,1,8,7,7,9
1,16,87,1,4,6,23,2,10
1,16,88,0,2,7,13,5,9
1,16,89,0,2,5,11,3,7
1,16,90,1,2,4,10,2,6
1,16,91,1,1,9,8,8,10
1,16,92,0,2,3,9,1,5
1,16,93,1,4,8,25,4,12
1,16,94,1,3,6,18,3,9
1,16,95,0,2,6,12,4,8
1,16,96,1,4,7,24,3,11
1,16,97,1,4,9,26,5,13
1,16,98,0,8,9,36,1,17
1,16,99,0,2,8,14,6,10
1,16,100,1,1,2,1,1,3
1,16,101,1,5,9,30,4,14
1,16,102,1,3,9,21,6,12
1,16,103,1,2,9,15,7,11
1,16,104,1,3,7,19,4,10
1,16,105,1,3,4,16,1,7
1,16,106,1,6,7,31,1,13
1,16,107,1,1,7,6,6,8
1,16,108,1,7,9,35,2,16
1,16,109,0,4,7,24,3,11
1,16,110,1,3,7,19,4,10
1,16,111,1,6,7,31,1,13
1,16,112,1,2,9,15,7,11
1,16,113,1,5,6,27,1,11
1,16,114,1,2,8,14,6,10
1,16,115,0,1,5,4,4,6
1,16,116,1,1,7,6,6,8
1,16,117,1,7,9,35,2,16
1,16,118,1,1,4,3,3,5
1,16,119,0,1,3,2,2,4
1,16,120,1,4,9,26,5,13
1,16,121,1,3,9,21,6,12
1,16,122,1,3,6,18,3,9
1,16,123,1,6,9,33,3,15
1,16,124,1,5,9,30,4,14
1,16,125,1,3,8,20,5,11
1,16,126,0,2,7,13,5,9
1,16,127,1,4,8,25,4,12
1,16,128,1,7,8,34,1,15
1,16,129,1,3,5,17,2,8
1,16,130,1,3,4,16,1,7
1,16,131,0,2,5,11,3,7
1,16,132,1,1,9,8,8,10
1,16,133,1,2,6,12,4,8
1,16,134,1,6,8,32,2,14
1,16,135,1,8,9,36,1,17
1,16,136,1,1,6,5,5,7
1,16,137,0,4,6,23,2,10
1,16,138,1,1,2,1,1,3
1,16,139,0,2,3,9,1,5
1,16,140,1,1,8,7,7,9
1,16,141,1,5,8,29,3,13
1,16,142,1,2,4,10,2,6
1,16,143,0,4,5,22,1,9
1,16,144,1,5,7,28,2,12
1,17,1,1,7,8,34,1,15
1,17,2,0,3,7,19,4,10
1,17,3,0,4,8,25,4,12
1,17,4,0,5,6,27,1,11
1,17,5,0,5,7,28,2,12
1,17,6,0,4,7,24,3,11
1,17,7,1,4,9,26,5,13
1,17,8,1,3,8,20,5,11
1,17,9,0,1,7,6,6,8
1,17,10,0,3,4,16,1,7
1,17,11,1,3,5,17,2,8
1,17,12,0,6,7,31,1,13
1,17,13,1,5,9,30,4,14
1,17,14,1,5,8,29,3,13
1,17,15,0,4,6,23,2,10
1,17,16,1,6,8,32,2,14
1,17,17,0,1,6,5,5,7
1,17,18,1,1,2,1,1,3
1,17,19,1,2,7,13,5,9
1,17,20,0,4,5,22,1,9
1,17,21,0,1,8,7,7,9
1,17,22,0,1,3,2,2,4
1,17,23,1,2,9,15,7,11
1,17,24,1,2,4,10,2,6
1,17,25,1,2,5,11,3,7
1,17,26,0,3,6,18,3,9
1,17,27,1,2,6,12,4,8
1,17,28,0,8,9,36,1,17
1,17,29,0,1,5,4,4,6
1,17,30,1,3,9,21,6,12
1,17,31,1,2,8,14,6,10
1,17,32,1,7,9,35,2,16
1,17,33,1,2,3,9,1,5
1,17,34,1,6,9,33,3,15
1,17,35,0,1,4,3,3,5
1,17,36,1,1,9,8,8,10
1,17,37,1,2,4,10,2,6
1,17,38,0,3,5,17,2,8
1,17,39,0,1,9,8,8,10
1,17,40,1,5,7,28,2,12
1,17,41,0,3,7,19,4,10
1,17,42,1,7,8,34,1,15
1,17,43,0,3,4,16,1,7
1,17,44,1,2,3,9,1,5
1,17,45,0,1,7,6,6,8
1,17,46,1,1,8,7,7,9
1,17,47,0,1,3,2,2,4
1,17,48,1,1,4,3,3,5
1,17,49,0,1,5,4,4,6
1,17,50,1,3,9,21,6,12
1,17,51,1,3,6,18,3,9
1,17,52,0,1,2,1,1,3
1,17,53,1,3,8,20,5,11
1,17,54,0,4,6,23,2,10
1,17,55,0,1,6,5,5,7
1,17,56,1,5,6,27,1,11
1,17,57,1,2,6,12,4,8
1,17,58,1,2,5,11,3,7
1,17,59,1,6,9,33,3,15
1,17,60,0,4,5,22,1,9
1,17,61,1,2,8,14,6,10
1,17,62,1,4,7,24,3,11
1,17,63,1,4,9,26,5,13
1,17,64,1,5,8,29,3,13
1,17,65,0,7,9,35,2,16
1,17,66,0,6,7,31,1,13
1,17,67,0,6,8,32,2,14
1,17,68,1,8,9,36,1,17
1,17,69,1,2,9,15,7,11
1,17,70,1,2,7,13,5,9
1,17,71,1,4,8,25,4,12
1,17,72,1,5,9,30,4,14
1,17,73,1,3,8,20,5,11
1,17,74,1,3,5,17,2,8
1,17,75,0,1,5,4,4,6
1,17,76,1,3,7,19,4,10
1,17,77,1,8,9,36,1,17
1,17,78,0,6,8,32,2,14
1,17,79,1,4,7,24,3,11
1,17,80,0,1,2,1,1,3
1,17,81,0,1,8,7,7,9
1,17,82,1,4,9,26,5,13
1,17,83,0,2,4,10,2,6
1,17,84,1,4,8,25,4,12
1,17,85,1,5,6,27,1,11
1,17,86,1,1,7,6,6,8
1,17,87,1,1,9,8,8,10
1,17,88,1,2,8,14,6,10
1,17,89,1,2,5,11,3,7
1,17,90,1,2,6,12,4,8
1,17,91,0,3,4,16,1,7
1,17,92,1,7,9,35,2,16
1,17,93,1,1,4,3,3,5
1,17,94,1,4,6,23,2,10
1,17,95,1,5,7,28,2,12
1,17,96,0,4,5,22,1,9
1,17,97,0,6,7,31,1,13
1,17,98,1,2,7,13,5,9
1,17,99,0,1,6,5,5,7
1,17,100,1,7,8,34,1,15
1,17,101,1,3,9,21,6,12
1,17,102,1,3,6,18,3,9
1,17,103,1,6,9,33,3,15
1,17,104,0,2,3,9,1,5
1,17,105,0,1,3,2,2,4
1,17,106,1,5,9,30,4,14
1,17,107,1,2,9,15,7,11
1,17,108,1,5,8,29,3,13
1,17,109,1,3,7,19,4,10
1,17,110,0,6,7,31,1,13
1,17,111,1,2,6,12,4,8
1,17,112,1,2,4,10,2,6
1,17,113,1,3,8,20,5,11
1,17,114,1,3,5,17,2,8
1,17,115,1,2,7,13,5,9
1,17,116,1,3,9,21,6,12
1,17,117,0,8,9,36,1,17
1,17,118,1,2,5,11,3,7
1,17,119,0,1,9,8,8,10
1,17,120,1,4,8,25,4,12
1,17,121,1,3,6,18,3,9
1,17,122,1,4,6,23,2,10
1,17,123,1,7,8,34,1,15
1,17,124,1,1,8,7,7,9
1,17,125,1,5,9,30,4,14
1,17,126,1,6,9,33,3,15
1,17,127,0,4,5,22,1,9
1,17,128,0,2,8,14,6,10
1,17,129,1,4,9,26,5,13
1,17,130,0,1,4,3,3,5
1,17,131,1,2,3,9,1,5
1,17,132,1,1,7,6,6,8
1,17,133,1,5,7,28,2,12
1,17,134,0,1,2,1,1,3
1,17,135,0,1,5,4,4,6
1,17,136,0,4,7,24,3,11
1,17,137,1,6,8,32,2,14
1,17,138,1,5,8,29,3,13
1,17,139,0,5,6,27,1,11
1,17,140,0,1,6,5,5,7
1,17,141,1,3,4,16,1,7
1,17,142,1,2,9,15,7,11
1,17,143,1,7,9,35,2,16
1,17,144,0,1,3,2,2,4
1,18,1,0,5,9,30,4,14
1,18,2,0,3,9,21,6,12
1,18,3,0,6,8,32,2,14
1,18,4,1,1,4,3,3,5
1,18,5,1,1,7,6,6,8
1,18,6,1,4,6,23,2,10
1,18,7,1,5,6,27,1,11
1,18,8,1,4,9,26,5,13
1,18,9,1,2,8,14,6,10
1,18,10,0,3,8,20,5,11
1,18,11,1,2,3,9,1,5
1,18,12,1,1,3,2,2,4
1,18,13,1,3,7,19,4,10
1,18,14,1,4,7,24,3,11
1,18,15,1,4,5,22,1,9
1,18,16,1,2,6,12,4,8
1,18,17,0,6,7,31,1,13
1,18,18,0,3,4,16,1,7
1,18,19,0,7,8,34,1,15
1,18,20,0,7,9,35,2,16
1,18,21,1,1,8,7,7,9
1,18,22,1,5,8,29,3,13
1,18,23,0,1,2,1,1,3
1,18,24,1,1,9,8,8,10
1,18,25,1,2,5,11,3,7
1,18,26,1,2,4,10,2,6
1,18,27,1,1,6,5,5,7
1,18,28,1,6,9,33,3,15
1,18,29,1,1,5,4,4,6
1,18,30,1,3,6,18,3,9
1,18,31,1,3,5,17,2,8
1,18,32,1,4,8,25,4,12
1,18,33,1,5,7,28,2,12
1,18,34,1,2,7,13,5,9
1,18,35,1,2,9,15,7,11
1,18,36,1,8,9,36,1,17
1,18,37,1,3,8,20,5,11
1,18,38,1,3,9,21,6,12
1,18,39,1,3,4,16,1,7
1,18,40,1,5,7,28,2,12
1,18,41,1,2,7,13,5,9
1,18,42,1,6,8,32,2,14
1,18,43,1,2,8,14,6,10
1,18,44,1,4,7,24,3,11
1,18,45,1,4,9,26,5,13
1,18,46,1,1,8,7,7,9
1,18,47,1,1,3,2,2,4
1,18,48,1,5,9,30,4,14
1,18,49,1,5,8,29,3,13
1,18,50,1,7,9,35,2,16
1,18,51,1,1,4,3,3,5
1,18,52,1,2,9,15,7,11
1,18,53,1,6,9,33,3,15
1,18,54,0,2,5,11,3,7
1,18,55,1,2,6,12,4,8
1,18,56,1,2,4,10,2,6
1,18,57,0,4,5,22,1,9
1,18,58,1,4,6,23,2,10
1,18,59,1,3,6,18,3,9
1,18,60,1,7,8,34,1,15
1,18,61,0,6,7,31,1,13
1,18,62,0,8,9,36,1,17
1,18,63,1,1,5,4,4,6
1,18,64,1,4,8,25,4,12
1,18,65,1,3,7,19,4,10
1,18,66,1,3,5,17,2,8
1,18,67,0,2,3,9,1,5
1,18,68,1,5,6,27,1,11
1,18,69,1,1,7,6,6,8
1,18,70,1,1,9,8,8,10
1,18,71,1,1,6,5,5,7
1,18,72,1,1,2,1,1,3
1,18,73,0,3,4,16,1,7
1,18,74,1,6,7,31,1,13
1,18,75,1,7,8,34,1,15
1,18,76,1,5,9,30,4,14
1,18,77,1,1,7,6,6,8
1,18,78,0,1,5,4,4,6
1,18,79,1,1,4,3,3,5
1,18,80,0,2,7,13,5,9
1,18,81,1,4,8,25,4,12
1,18,82,0,2,3,9,1,5
1,18,83,1,5,8,29,3,13
1,18,84,1,5,7,28,2,12
1,18,85,1,2,8,14,6,10
1,18,86,0,8,9,36,1,17
1,18,87,1,2,9,15,7,11
1,18,88,1,1,6,5,5,7
1,18,89,1,4,7,24,3,11
1,18,90,1,4,6,23,2,10
1,18,91,1,4,9,26,5,13
1,18,92,1,2,6,12,4,8
1,18,93,1,2,5,11,3,7
1,18,94,0,2,4,10,2,6
1,18,95,0,1,2,1,1,3
1,18,96,1,3,9,21,6,12
1,18,97,1,3,7,19,4,10
1,18,98,1,3,6,18,3,9
1,18,99,1,3,5,17,2,8
1,18,100,1,6,9,33,3,15
1,18,101,0,1,3,2,2,4
1,18,102,1,3,8,20,5,11
1,18,103,1,6,8,32,2,14
1,18,104,0,4,5,22,1,9
1,18,105,1,5,6,27,1,11
1,18,106,1,1,8,7,7,9
1,18,107,1,7,9,35,2,16
1,18,108,1,1,9,8,8,10
1,18,109,1,7,9,35,2,16
1,18,110,1,3,9,21,6,12
1,18,111,1,5,8,29,3,13
1,18,112,1,3,5,17,2,8
1,18,113,1,1,2,1,1,3
1,18,114,1,2,9,15,7,11
1,18,115,0,2,3,9,1,5
1,18,116,1,6,9,33,3,15
1,18,117,1,4,7,24,3,11
1,18,118,1,5,6,27,1,11
1,18,119,1,4,9,26,5,13
1,18,120,1,5,7,28,2,12
1,18,121,1,4,8,25,4,12
1,18,122,0,1,5,4,4,6
1,18,123,1,3,8,20,5,11
1,18,124,1,1,8,7,7,9
1,18,125,1,3,4,16,1,7
1,18,126,1,3,7,19,4,10
1,18,127,0,8,9,36,1,17
1,18,128,0,2,4,10,2,6
1,18,129,1,2,5,11,3,7
1,18,130,1,4,5,22,1,9
1,18,131,1,3,6,18,3,9
1,18,132,1,4,6,23,2,10
1,18,133,1,6,8,32,2,14
1,18,134,0,1,4,3,3,5
1,18,135,1,2,8,14,6,10
1,18,136,1,7,8,34,1,15
1,18,137,1,1,3,2,2,4
1,18,138,1,2,7,13,5,9
1,18,139,1,1,7,6,6,8
1,18,140,1,5,9,30,4,14
1,18,141,1,1,6,5,5,7
1,18,142,1,2,6,12,4,8
1,18,143,1,1,9,8,8,10
1,18,144,0,6,7,31,1,13
1,19,1,1,7,9,35,2,16
1,19,2,0,8,9,36,1,17
1,19,3,0,4,7,24,3,11
1,19,4,0,2,9,15,7,11
1,19,5,0,1,7,6,6,8
1,19,6,1,2,6,12,4,8
1,19,7,0,5,8,29,3,13
1,19,8,0,5,7,28,2,12
1,19,9,1,1,4,3,3,5
1,19,10,1,1,6,5,5,7
1,19,11,1,3,7,19,4,10
1,19,12,1,6,7,31,1,13
1,19,13,1,5,9,30,4,14
1,19,14,0,4,9,26,5,13
1,19,15,0,3,6,18,3,9
1,19,16,0,3,5,17,2,8
1,19,17,1,3,9,21,6,12
1,19,18,1,1,5,4,4,6
1,19,19,0,4,5,22,1,9
1,19,20,1,3,8,20,5,11
1,19,21,1,1,8,7,7,9
1,19,22,0,5,6,27,1,11
1,19,23,1,6,8,32,2,14
1,19,24,1,7,8,34,1,15
1,19,25,1,2,3,9,1,5
1,19,26,0,1,3,2,2,4
1,19,27,0,1,2,1,1,3
1,19,28,1,2,8,14,6,10
1,19,29,0,2,7,13,5,9
1,19,30,1,2,4,10,2,6
1,19,31,1,4,8,25,4,12
1,19,32,1,4,6,23,2,10
1,19,33,1,1,9,8,8,10
1,19,34,1,2,5,11,3,7
1,19,35,1,3,4,16,1,7
1,19,36,1,6,9,33,3,15
1,19,37,1,4,5,22,1,9
1,19,38,1,3,4,16,1,7
1,19,39,1,3,8,20,5,11
1,19,40,0,1,3,2,2,4
1,19,41,1,7,9,35,2,16
1,19,42,1,2,6,12,4,8
1,19,43,0,1,2,1,1,3
1,19,44,0,2,3,9,1,5
1,19,45,0,1,8,7,7,9
1,19,46,0,5,6,27,1,11
1,19,47,1,4,9,26,5,13
1,19,48,1,3,7,19,4,10
1,19,49,1,4,6,23,2,10
1,19,50,1,3,6,18,3,9
1,19,51,1,7,8,34,1,15
1,19,52,0,1,4,3,3,5
1,19,53,1,1,5,4,4,6
1,19,54,1,6,9,33,3,15
1,19,55,1,8,9,36,1,17
1,19,56,1,3,9,21,6,12
1,19,57,0,2,4,10,2,6
1,19,58,0,2,7,13,5,9
1,19,59,1,5,8,29,3,13
1,19,60,1,2,5,11,3,7
1,19,61,1,2,8,14,6,10
1,19,62,1,3,5,17,2,8
1,19,63,1,6,8,32,2,14
1,19,64,0,5,7,28,2,12
1,19,65,1,1,6,5,5,7
1,19,66,1,6,7,31,1,13
1,19,67,1,1,9,8,8,10
1,19,68,1,2,9,15,7,11
1,19,69,1,1,7,6,6,8
1,19,70,1,4,8,25,4,12
1,19,71,1,5,9,30,4,14
1,19,72,1,4,7,24,3,11
1,19,73,1,2,8,14,6,10
1,19,74,1,1,6,5,5,7
1,19,75,0,1,3,2,2,4
1,19,76,1,3,4,16,1,7
1,19,77,0,1,2,1,1,3
1,19,78,1,5,8,29,3,13
1,19,79,1,3,5,17,2,8
1,19,80,0,2,5,11,3,7
1,19,81,1,6,8,32,2,14
1,19,82,1,4,9,26,5,13
1,19,83,1,1,8,7,7,9
1,19,84,1,4,7,24,3,11
1,19,85,0,4,6,23,2,10
1,19,86,1,3,9,21,6,12
1,19,87,1,7,9,35,2,16
1,19,88,1,4,5,22,1,9
1,19,89,1,3,8,20,5,11
1,19,90,1,1,9,8,8,10
1,19,91,1,1,4,3,3,5
1,19,92,0,2,3,9,1,5
1,19,93,0,2,7,13,5,9
1,19,94,1,8,9,36,1,17
1,19,95,1,2,9,15,7,11
1,19,96,0,5,7,28,2,12
1,19,97,0,5,6,27,1,11
1,19,98,1,6,7,31,1,13
1,19,99,1,3,6,18,3,9
1,19,100,1,3,7,19,4,10
1,19,101,0,5,9,30,4,14
1,19,102,1,2,6,12,4,8
1,19,103,1,1,7,6,6,8
1,19,104,0,7,8,34,1,15
1,19,105,1,4,8,25,4,12
1,19,106,1,1,5,4,4,6
1,19,107,1,2,4,10,2,6
1,19,108,1,6,9,33,3,15
1,19,109,0,2,4,10,2,6
1,19,110,1,1,8,7,7,9
1,19,111,1,3,8,20,5,11
1,19,112,1,5,9,30,4,14
1,19,113,1,1,4,3,3,5
1,19,114,0,2,3,9,1,5
1,19,115,1,5,6,27,1,11
1,19,116,1,6,7,31,1,13
1,19,117,1,2,5,11,3,7
1,19,118,1,2,8,14,6,10
1,19,119,1,4,5,22,1,9
1,19,120,1,5,7,28,2,12
1,19,121,1,4,8,25,4,12
1,19,122,1,2,6,12,4,8
1,19,123,1,1,6,5,5,7
1,19,124,0,6,8,32,2,14
1,19,125,1,3,9,21,6,12
1,19,126,1,1,3,2,2,4
1,19,127,1,1,5,4,4,6
1,19,128,1,2,9,15,7,11
1,19,129,1,3,7,19,4,10
1,19,130,0,7,8,34,1,15
1,19,131,1,2,7,13,5,9
1,19,132,1,3,5,17,2,8
1,19,133,1,6,9,33,3,15
1,19,134,1,1,7,6,6,8
1,19,135,1,3,4,16,1,7
1,19,136,1,4,7,24,3,11
1,19,137,0,8,9,36,1,17
1,19,138,1,5,8,29,3,13
1,19,139,1,1,9,8,8,10
1,19,140,1,7,9,35,2,16
1,19,141,1,4,9,26,5,13
1,19,142,1,1,2,1,1,3
1,19,143,1,3,6,18,3,9
1,19,144,1,4,6,23,2,10
1,20,1,0,3,8,20,5,11
1,20,2,0,4,5,22,1,9
1,20,3,1,5,9,30,4,14
1,20,4,0,8,9,36,1,17
1,20,5,0,4,9,26,5,13
1,20,6,1,1,5,4,4,6
1,20,7,0,6,9,33,3,15
1,20,8,0,3,6,18,3,9
1,20,9,0,2,8,14,6,10
1,20,10,0,3,9,21,6,12
1,20,11,0,5,7,28,2,12
1,20,12,1,5,8,29,3,13
1,20,13,1,1,2,1,1,3
1,20,14,1,3,7,19,4,10
1,20,15,1,1,7,6,6,8
1,20,16,1,3,4,16,1,7
1,20,17,1,1,9,8,8,10
1,20,18,1,2,4,10,2,6
1,20,19,0,4,7,24,3,11
1,20,20,1,2,9,15,7,11
1,20,21,1,2,7,13,5,9
1,20,22,0,4,8,25,4,12
1,20,23,0,4,6,23,2,10
1,20,24,1,1,4,3,3,5
1,20,25,1,1,3,2,2,4
1,20,26,0,6,8,32,2,14
1,20,27,1,1,6,5,5,7
1,20,28,0,6,7,31,1,13
1,20,29,1,5,6,27,1,11
1,20,30,1,1,8,7,7,9
1,20,31,1,2,5,11,3,7
1,20,32,0,7,8,34,1,15
1,20,33,1,7,9,35,2,16
1,20,34,1,2,6,12,4,8
1,20,35,1,3,5,17,2,8
1,20,36,1,2,3,9,1,5
1,20,37,1,5,6,27,1,11
1,20,38,0,4,6,23,2,10
1,20,39,0,4,5,22,1,9
1,20,40,0,5,8,29,3,13
1,20,41,1,2,4,10,2,6
1,20,42,1,1,4,3,3,5
1,20,43,1,2,7,13,5,9
1,20,44,0,8,9,36,1,17
1,20,45,1,2,5,11,3,7
1,20,46,1,7,8,34,1,15
1,20,47,0,4,7,24,3,11
1,20,48,1,1,6,5,5,7
1,20,49,1,7,9,35,2,16
1,20,50,1,3,8,20,5,11
1,20,51,1,1,5,4,4,6
1,20,52,1,1,2,1,1,3
1,20,53,1,6,8,32,2,14
1,20,54,0,4,9,26,5,13
1,20,55,1,3,6,18,3,9
1,20,56,0,4,8,25,4,12
1,20,57,0,6,9,33,3,15
1,20,58,0,6,7,31,1,13
1,20,59,1,1,7,6,6,8
1,20,60,1,1,3,2,2,4
1,20,61,1,2,3,9,1,5
1,20,62,1,2,6,12,4,8
1,20,63,1,3,7,19,4,10
1,20,64,1,3,9,21,6,12
1,20,65,0,5,7,28,2,12
1,20,66,1,3,5,17,2,8
1,20,67,1,1,9,8,8,10
1,20,68,1,2,8,14,6,10
1,20,69,1,5,9,30,4,14
1,20,70,1,3,4,16,1,7
1,20,71,1,1,8,7,7,9
1,20,72,1,2,9,15,7,11
1,20,73,1,2,4,10,2,6
1,20,74,0,6,8,32,2,14
1,20,75,0,4,5,22,1,9
1,20,76,1,3,6,18,3,9
1,20,77,0,8,9,36,1,17
1,20,78,1,3,4,16,1,7
1,20,79,0,6,7,31,1,13
1,20,80,0,4,9,26,5,13
1,20,81,1,3,5,17,2,8
1,20,82,1,1,7,6,6,8
1,20,83,1,2,8,14,6,10
1,20,84,1,2,7,13,5,9
1,20,85,1,4,6,23,2,10
1,20,86,0,5,8,29,3,13
1,20,87,1,1,6,5,5,7
1,20,88,1,1,4,3,3,5
1,20,89,1,2,5,11,3,7
1,20,90,1,1,3,2,2,4
1,20,91,0,7,9,35,2,16
1,20,92,1,4,7,24,3,11
1,20,93,1,3,9,21,6,12
1,20,94,1,4,8,25,4,12
1,20,95,1,2,3,9,1,5
1,20,96,1,7,8,34,1,15
1,20,97,1,5,6,27,1,11
1,20,98,1,1,8,7,7,9
1,20,99,1,5,9,30,4,14
1,20,100,1,2,9,15,7,11
1,20,101,1,3,8,20,5,11
1,20,102,1,1,9,8,8,10
1,20,103,0,1,2,1,1,3
1,20,104,1,1,5,4,4,6
1,20,105,1,2,6,12,4,8
1,20,106,0,5,7,28,2,12
1,20,107,1,3,7,19,4,10
1,20,108,0,6,9,33,3,15
1,20,109,1,4,8,25,4,12
1,20,110,1,7,8,34,1,15
1,20,111,0,1,7,6,6,8
1,20,112,1,2,6,12,4,8
1,20,113,1,4,6,23,2,10
1,20,114,1,3,6,18,3,9
1,20,115,1,5,9,30,4,14
1,20,116,1,6,8,32,2,14
1,20,117,1,4,9,26,5,13
1,20,118,0,5,6,27,1,11
1,20,119,1,3,8,20,5,11
1,20,120,1,1,9,8,8,10
1,20,121,0,4,5,22,1,9
1,20,122,1,1,3,2,2,4
1,20,123,0,6,7,31,1,13
1,20,124,1,5,8,29,3,13
1,20,125,1,3,7,19,4,10
1,20,126,1,1,5,4,4,6
1,20,127,1,2,7,13,5,9
1,20,128,0,6,9,33,3,15
1,20,129,1,1,8,7,7,9
1,20,130,1,2,5,11,3,7
1,20,131,1,3,4,16,1,7
1,20,132,1,1,4,3,3,5
1,20,133,1,2,4,10,2,6
1,20,134,0,8,9,36,1,17
1,20,135,1,2,8,14,6,10
1,20,136,0,3,9,21,6,12
1,20,137,1,7,9,35,2,16
1,20,138,1,2,3,9,1,5
1,20,139,1,4,7,24,3,11
1,20,140,1,1,6,5,5,7
1,20,141,1,2,9,15,7,11
1,20,142,0,5,7,28,2,12
1,20,143,0,1,2,1,1,3
1,20,144,0,3,5,17,2,8
1,21,1,0,2,3,9,1,5
1,21,2,0,7,8,34,1,15
1,21,3,1,2,6,12,4,8
1,21,4,1,6,7,31,1,13
1,21,5,1,4,9,26,5,13
1,21,6,0,3,8,20,5,11
1,21,7,0,1,9,8,8,10
1,21,8,0,8,9,36,1,17
1,21,9,1,2,4,10,2,6
1,21,10,1,4,8,25,4,12
1,21,11,0,5,6,27,1,11
1,21,12,1,4,7,24,3,11
1,21,13,1,6,9,33,3,15
1,21,14,1,2,7,13,5,9
1,21,15,1,2,8,14,6,10
1,21,16,1,6,8,32,2,14
1,21,17,1,3,9,21,6,12
1,21,18,1,3,7,19,4,10
1,21,19,1,2,5,11,3,7
1,21,20,1,2,9,15,7,11
1,21,21,1,4,5,22,1,9
1,21,22,0,1,4,3,3,5
1,21,23,0,1,3,2,2,4
1,21,24,1,5,9,30,4,14
1,21,25,0,1,2,1,1,3
1,21,26,1,5,7,28,2,12
1,21,27,0,1,6,5,5,7
1,21,28,1,1,8,7,7,9
1,21,29,1,3,5,17,2,8
1,21,30,0,1,5,4,4,6
1,21,31,1,5,8,29,3,13
1,21,32,0,7,9,35,2,16
1,21,33,0,3,4,16,1,7
1,21,34,1,4,6,23,2,10
1,21,35,0,3,6,18,3,9
1,21,36,1,1,7,6,6,8
1,21,37,1,2,5,11,3,7
1,21,38,1,2,6,12,4,8
1,21,39,1,5,6,27,1,11
1,21,40,0,6,9,33,3,15
1,21,41,1,2,9,15,7,11
1,21,42,1,8,9,36,1,17
1,21,43,1,2,8,14,6,10
1,21,44,1,1,3,2,2,4
1,21,45,1,4,9,26,5,13
1,21,46,0,1,5,4,4,6
1,21,47,1,4,5,22,1,9
1,21,48,1,3,9,21,6,12
1,21,49,0,7,9,35,2,16
1,21,50,1,3,5,17,2,8
1,21,51,1,1,4,3,3,5
1,21,52,0,1,2,1,1,3
1,21,53,1,5,9,30,4,14
1,21,54,0,1,7,6,6,8
1,21,55,1,3,8,20,5,11
1,21,56,0,6,7,31,1,13
1,21,57,1,2,7,13,5,9
1,21,58,0,4,8,25,4,12
1,21,59,0,3,4,16,1,7
1,21,60,0,6,8,32,2,14
1,21,61,1,5,8,29,3,13
1,21,62,1,5,7,28,2,12
1,21,63,0,3,7,19,4,10
1,21,64,1,4,6,23,2,10
1,21,65,1,2,4,10,2,6
1,21,66,1,1,8,7,7,9
1,21,67,1,4,7,24,3,11
1,21,68,1,3,6,18,3,9
1,21,69,1,2,3,9,1,5
1,21,70,1,1,6,5,5,7
1,21,71,1,7,8,34,1,15
1,21,72,1,1,9,8,8,10
1,21,73,1,1,3,2,2,4
1,21,74,1,1,5,4,4,6
1,21,75,1,2,7,13,5,9
1,21,76,1,4,6,23,2,10
1,21,77,1,1,6,5,5,7
1,21,78,1,8,9,36,1,17
1,21,79,1,3,6,18,3,9
1,21,80,0,7,9,35,2,16
1,21,81,1,2,9,15,7,11
1,21,82,1,4,5,22,1,9
1,21,83,0,3,4,16,1,7
1,21,84,1,2,3,9,1,5
1,21,85,0,7,8,34,1,15
1,21,86,1,6,8,32,2,14
1,21,87,1,4,9,26,5,13
1,21,88,1,3,9,21,6,12
1,21,89,1,5,8,29,3,13
1,21,90,1,5,9,30,4,14
1,21,91,1,5,7,28,2,12
1,21,92,1,4,7,24,3,11
1,21,93,1,3,7,19,4,10
1,21,94,1,6,7,31,1,13
1,21,95,0,3,5,17,2,8
1,21,96,1,6,9,33,3,15
1,21,97,1,2,6,12,4,8
1,21,98,1,1,4,3,3,5
1,21,99,1,3,8,20,5,11
1,21,100,1,2,5,11,3,7
1,21,101,1,1,9,8,8,10
1,21,102,1,2,8,14,6,10
1,21,103,1,2,4,10,2,6
1,21,104,1,1,7,6,6,8
1,21,105,1,4,8,25,4,12
1,21,106,0,1,2,1,1,3
1,21,107,1,5,6,27,1,11
1,21,108,1,1,8,7,7,9
1,21,109,1,4,8,25,4,12
1,21,110,1,2,5,11,3,7
1,21,111,1,1,8,7,7,9
1,21,112,1,2,3,9,1,5
1,21,113,1,1,5,4,4,6
1,21,114,0,4,5,22,1,9
1,21,115,1,2,6,12,4,8
1,21,116,1,3,4,16,1,7
1,21,117,1,5,6,27,1,11
1,21,118,1,4,9,26,5,13
1,21,119,1,3,9,21,6,12
1,21,120,1,3,6,18,3,9
1,21,121,1,3,8,20,5,11
1,21,122,1,1,6,5,5,7
1,21,123,0,6,8,32,2,14
1,21,124,1,1,3,2,2,4
1,21,125,0,7,9,35,2,16
1,21,126,1,2,8,14,6,10
1,21,127,1,5,7,28,2,12
1,21,128,1,5,8,29,3,13
1,21,129,1,1,7,6,6,8
1,21,130,1,6,9,33,3,15
1,21,131,1,1,4,3,3,5
1,21,132,1,8,9,36,1,17
1,21,133,1,1,9,8,8,10
1,21,134,1,2,7,13,5,9
1,21,135,1,3,5,17,2,8
1,21,136,0,7,8,34,1,15
1,21,137,1,4,6,23,2,10
1,21,138,1,2,9,15,7,11
1,21,139,1,6,7,31,1,13
1,21,140,1,4,7,24,3,11
1,21,141,1,2,4,10,2,6
1,21,142,1,3,7,19,4,10
1,21,143,0,1,2,1,1,3
1,21,144,1,5,9,30,4,14
1,22,1,1,2,7,13,5,9
1,22,2,1,7,9,35,2,16
1,22,3,1,1,8,7,7,9
1,22,4,1,2,9,15,7,11
1,22,5,0,1,9,8,8,10
1,22,6,0,5,7,28,2,12
1,22,7,0,8,9,36,1,17
1,22,8,0,1,4,3,3,5
1,22,9,0,3,4,16,1,7
1,22,10,0,3,9,21,6,12
1,22,11,0,6,8,32,2,14
1,22,12,1,2,5,11,3,7
1,22,13,1,5,6,27,1,11
1,22,14,1,4,8,25,4,12
1,22,15,0,6,7,31,1,13
1,22,16,1,3,8,20,5,11
1,22,17,1,7,8,34,1,15
1,22,18,1,2,3,9,1,5
1,22,19,1,3,7,19,4,10
1,22,20,0,1,2,1,1,3
1,22,21,0,4,9,26,5,13
1,22,22,1,3,6,18,3,9
1,22,23,0,6,9,33,3,15
1,22,24,1,2,4,10,2,6
1,22,25,0,1,7,6,6,8
1,22,26,1,2,8,14,6,10
1,22,27,0,1,5,4,4,6
1,22,28,1,4,6,23,2,10
1,22,29,1,5,8,29,3,13
1,22,30,0,1,3,2,2,4
1,22,31,0,1,6,5,5,7
1,22,32,1,5,9,30,4,14
1,22,33,1,4,7,24,3,11
1,22,34,1,3,5,17,2,8
1,22,35,1,4,5,22,1,9
1,22,36,1,2,6,12,4,8
1,22,37,1,5,9,30,4,14
1,22,38,0,6,9,33,3,15
1,22,39,0,1,5,4,4,6
1,22,40,1,2,4,10,2,6
1,22,41,0,6,8,32,2,14
1,22,42,0,1,4,3,3,5
1,22,43,0,1,3,2,2,4
1,22,44,0,1,7,6,6,8
1,22,45,0,1,9,8,8,10
1,22,46,1,2,3,9,1,5
1,22,47,0,3,9,21,6,12
1,22,48,1,5,8,29,3,13
1,22,49,0,3,8,20,5,11
1,22,50,1,4,9,26,5,13
1,22,51,1,4,7,24,3,11
1,22,52,1,2,6,12,4,8
1,22,53,0,3,7,19,4,10
1,22,54,1,4,8,25,4,12
1,22,55,0,3,4,16,1,7
1,22,56,1,6,7,31,1,13
1,22,57,1,2,7,13,5,9
1,22,58,0,1,6,5,5,7
1,22,59,1,4,5,22,1,9
1,22,60,1,2,5,11,3,7
1,22,61,1,2,8,14,6,10
1,22,62,1,5,6,27,1,11
1,22,63,1,2,9,15,7,11
1,22,64,1,4,6,23,2,10
1,22,65,0,3,6,18,3,9
1,22,66,0,1,2,1,1,3
1,22,67,1,8,9,36,1,17
1,22,68,1,5,7,28,2,12
1,22,69,0,7,9,35,2,16
1,22,70,0,3,5,17,2,8
1,22,71,0,1,8,7,7,9
1,22,72,0,7,8,34,1,15
1,22,73,1,4,8,25,4,12
1,22,74,1,2,8,14,6,10
1,22,75,0,6,8,32,2,14
1,22,76,1,3,7,19,4,10
1,22,77,0,1,5,4,4,6
1,22,78,1,5,7,28,2,12
1,22,79,1,4,9,26,5,13
1,22,80,1,3,6,18,3,9
1,22,81,1,5,6,27,1,11
1,22,82,0,2,4,10,2,6
1,22,83,1,1,7,6,6,8
1,22,84,1,3,8,20,5,11
1,22,85,0,3,4,16,1,7
1,22,86,1,4,6,23,2,10
1,22,87,1,2,7,13,5,9
1,22,88,1,1,6,5,5,7
1,22,89,0,1,2,1,1,3
1,22,90,0,2,9,15,7,11
1,22,91,1,4,7,24,3,11
1,22,92,1,1,3,2,2,4
1,22,93,0,1,4,3,3,5
1,22,94,1,5,9,30,4,14
1,22,95,1,3,9,21,6,12
1,22,96,1,1,8,7,7,9
1,22,97,0,8,9,36,1,17
1,22,98,1,2,6,12,4,8
1,22,99,0,3,5,17,2,8
1,22,100,1,1,9,8,8,10
1,22,101,0,4,5,22,1,9
1,22,102,1,5,8,29,3,13
1,22,103,1,7,8,34,1,15
1,22,104,1,2,3,9,1,5
1,22,105,0,6,7,31,1,13
1,22,106,1,7,9,35,2,16
1,22,107,0,6,9,33,3,15
1,22,108,1,2,5,11,3,7
1,22,109,0,6,7,31,1,13
1,22,110,0,2,4,10,2,6
1,22,111,1,2,3,9,1,5
1,22,112,1,2,7,13,5,9
1,22,113,1,1,3,2,2,4
1,22,114,1,6,8,32,2,14
1,22,115,0,3,4,16,1,7
1,22,116,0,1,4,3,3,5
1,22,117,0,1,2,1,1,3
1,22,118,1,1,7,6,6,8
1,22,119,1,4,8,25,4,12
1,22,120,1,6,9,33,3,15
1,22,121,1,1,5,4,4,6
1,22,122,1,5,8,29,3,13
1,22,123,1,5,7,28,2,12
1,22,124,1,3,7,19,4,10
1,22,125,1,5,9,30,4,14
1,22,126,0,7,9,35,2,16
1,22,127,0,3,5,17,2,8
1,22,128,1,3,9,21,6,12
1,22,129,1,2,9,15,7,11
1,22,130,1,2,8,14,6,10
1,22,131,1,4,9,26,5,13
1,22,132,1,4,7,24,3,11
1,22,133,1,5,6,27,1,11
1,22,134,1,1,9,8,8,10
1,22,135,1,1,8,7,7,9
1,22,136,1,7,8,34,1,15
1,22,137,1,4,5,22,1,9
1,22,138,1,4,6,23,2,10
1,22,139,1,3,8,20,5,11
1,22,140,0,1,6,5,5,7
1,22,141,1,2,6,12,4,8
1,22,142,0,8,9,36,1,17
1,22,143,1,3,6,18,3,9
1,22,144,1,2,5,11,3,7
1,23,1,1,2,9,15,7,11
1,23,2,1,2,4,10,2,6
1,23,3,1,3,5,17,2,8
1,23,4,0,4,6,23,2,10
1,23,5,1,5,8,29,3,13
1,23,6,1,4,7,24,3,11
1,23,7,1,7,9,35,2,16
1,23,8,1,3,9,21,6,12
1,23,9,0,1,9,8,8,10
1,23,10,1,3,8,20,5,11
1,23,11,1,1,8,7,7,9
1,23,12,1,1,6,5,5,7
1,23,13,1,5,6,27,1,11
1,23,14,1,3,6,18,3,9
1,23,15,1,6,9,33,3,15
1,23,16,1,1,7,6,6,8
1,23,17,1,1,4,3,3,5
1,23,18,1,2,7,13,5,9
1,23,19,1,2,3,9,1,5
1,23,20,1,1,5,4,4,6
1,23,21,1,7,8,34,1,15
1,23,22,1,4,8,25,4,12
1,23,23,1,2,6,12,4,8
1,23,24,1,4,9,26,5,13
1,23,25,1,4,5,22,1,9
1,23,26,0,3,7,19,4,10
1,23,27,1,5,9,30,4,14
1,23,28,0,1,2,1,1,3
1,23,29,1,1,3,2,2,4
1,23,30,0,8,9,36,1,17
1,23,31,1,5,7,28,2,12
1,23,32,1,6,7,31,1,13
1,23,33,0,2,5,11,3,7
1,23,34,1,6,8,32,2,14
1,23,35,1,2,8,14,6,10
1,23,36,0,3,4,16,1,7
1,23,37,1,1,2,1,1,3
1,23,38,1,6,7,31,1,13
1,23,39,1,6,9,33,3,15
1,23,40,1,2,9,15,7,11
1,23,41,1,4,9,26,5,13
1,23,42,0,8,9,36,1,17
1,23,43,1,2,5,11,3,7
1,23,44,1,2,3,9,1,5
1,23,45,0,5,6,27,1,11
1,23,46,1,4,8,25,4,12
1,23,47,1,5,8,29,3,13
1,23,48,0,2,6,12,4,8
1,23,49,1,2,7,13,5,9
1,23,50,1,3,9,21,6,12
1,23,51,1,6,8,32,2,14
1,23,52,0,1,4,3,3,5
1,23,53,0,3,6,18,3,9
1,23,54,0,3,5,17,2,8
1,23,55,1,2,8,14,6,10
1,23,56,1,1,5,4,4,6
1,23,57,1,3,4,16,1,7
1,23,58,1,7,9,35,2,16
1,23,59,0,1,3,2,2,4
1,23,60,1,1,9,8,8,10
1,23,61,1,4,5,22,1,9
1,23,62,1,1,7,6,6,8
1,23,63,1,1,6,5,5,7
1,23,64,1,1,8,7,7,9
1,23,65,0,4,7,24,3,11
1,23,66,1,7,8,34,1,15
1,23,67,1,2,4,10,2,6
1,23,68,1,3,8,20,5,11
1,23,69,1,4,6,23,2,10
1,23,70,0,5,7,28,2,12
1,23,71,1,5,9,30,4,14
1,23,72,1,3,7,19,4,10
1,23,73,1,3,4,16,1,7
1,23,74,0,2,4,10,2,6
1,23,75,1,3,5,17,2,8
1,23,76,1,2,8,14,6,10
1,23,77,1,1,5,4,4,6
1,23,78,0,5,6,27,1,11
1,23,79,1,3,8,20,5,11
1,23,80,1,3,7,19,4,10
1,23,81,1,3,6,18,3,9
1,23,82,0,2,6,12,4,8
1,23,83,1,4,8,25,4,12
1,23,84,1,1,4,3,3,5
1,23,85,1,2,5,11,3,7
1,23,86,1,4,5,22,1,9
1,23,87,1,7,8,34,1,15
1,23,88,1,1,9,8,8,10
1,23,89,1,1,6,5,5,7
1,23,90,1,1,3,2,2,4
1,23,91,1,4,6,23,2,10
1,23,92,1,7,9,35,2,16
1,23,93,1,1,2,1,1,3
1,23,94,1,5,7,28,2,12
1,23,95,1,5,8,29,3,13
1,23,96,1,6,8,32,2,14
1,23,97,1,4,7,24,3,11
1,23,98,1,2,9,15,7,11
1,23,99,1,5,9,30,4,14
1,23,100,1,4,9,26,5,13
1,23,101,1,2,3,9,1,5
1,23,102,1,1,8,7,7,9
1,23,103,1,1,7,6,6,8
1,23,104,1,2,7,13,5,9
1,23,105,0,6,7,31,1,13
1,23,106,0,8,9,36,1,17
1,23,107,1,6,9,33,3,15
1,23,108,1,3,9,21,6,12
1,23,109,1,5,7,28,2,12
1,23,110,1,3,8,20,5,11
1,23,111,1,2,8,14,6,10
1,23,112,1,5,8,29,3,13
1,23,113,1,1,8,7,7,9
1,23,114,0,4,5,22,1,9
1,23,115,1,4,8,25,4,12
1,23,116,1,1,3,2,2,4
1,23,117,1,6,7,31,1,13
1,23,118,1,4,6,23,2,10
1,23,119,1,1,6,5,5,7
1,23,120,1,2,9,15,7,11
1,23,121,1,3,7,19,4,10
1,23,122,1,2,4,10,2,6
1,23,123,1,6,9,33,3,15
1,23,124,1,8,9,36,1,17
1,23,125,0,5,6,27,1,11
1,23,126,0,7,8,34,1,15
1,23,127,1,7,9,35,2,16
1,23,128,1,4,7,24,3,11
1,23,129,1,1,2,1,1,3
1,23,130,1,1,5,4,4,6
1,23,131,1,5,9,30,4,14
1,23,132,1,2,7,13,5,9
1,23,133,1,3,9,21,6,12
1,23,134,1,1,7,6,6,8
1,23,135,1,3,6,18,3,9
1,23,136,1,2,5,11,3,7
1,23,137,1,1,9,8,8,10
1,23,138,1,2,6,12,4,8
1,23,139,1,2,3,9,1,5
1,23,140,1,1,4,3,3,5
1,23,141,1,3,5,17,2,8
1,23,142,0,6,8,32,2,14
1,23,143,1,4,9,26,5,13
1,23,144,0,3,4,16,1,7
1,24,1,0,1,2,1,1,3
1,24,2,1,3,7,19,4,10
1,24,3,1,6,8,32,2,14
1,24,4,1,2,5,11,3,7
1,24,5,0,7,9,35,2,16
1,24,6,1,3,9,21,6,12
1,24,7,0,8,9,36,1,17
1,24,8,1,2,4,10,2,6
1,24,9,1,4,8,25,4,12
1,24,10,1,4,6,23,2,10
1,24,11,1,5,9,30,4,14
1,24,12,1,2,8,14,6,10
1,24,13,1,1,3,2,2,4
1,24,14,1,1,9,8,8,10
1,24,15,1,3,6,18,3,9
1,24,16,1,2,7,13,5,9
1,24,17,1,6,7,31,1,13
1,24,18,1,4,5,22,1,9
1,24,19,0,3,5,17,2,8
1,24,20,1,5,7,28,2,12
1,24,21,1,1,6,5,5,7
1,24,22,1,1,7,6,6,8
1,24,23,1,5,8,29,3,13
1,24,24,1,4,7,24,3,11
1,24,25,1,1,5,4,4,6
1,24,26,1,2,9,15,7,11
1,24,27,1,5,6,27,1,11
1,24,28,1,2,6,12,4,8
1,24,29,0,3,4,16,1,7
1,24,30,1,3,8,20,5,11
1,24,31,0,6,9,33,3,15
1,24,32,1,4,9,26,5,13
1,24,33,1,1,8,7,7,9
1,24,34,1,1,4,3,3,5
1,24,35,0,7,8,34,1,15
1,24,36,1,2,3,9,1,5
1,24,37,0,7,9,35,2,16
1,24,38,1,8,9,36,1,17
1,24,39,1,4,5,22,1,9
1,24,40,1,4,8,25,4,12
1,24,41,1,5,9,30,4,14
1,24,42,1,1,7,6,6,8
1,24,43,1,3,6,18,3,9
1,24,44,0,3,5,17,2,8
1,24,45,1,1,6,5,5,7
1,24,46,1,4,9,26,5,13
1,24,47,1,2,8,14,6,10
1,24,48,1,2,6,12,4,8
1,24,49,1,2,9,15,7,11
1,24,50,1,1,4,3,3,5
1,24,51,1,2,7,13,5,9
1,24,52,1,2,3,9,1,5
1,24,53,1,3,8,20,5,11
1,24,54,1,3,9,21,6,12
1,24,55,1,5,7,28,2,12
1,24,56,1,4,7,24,3,11
1,24,57,0,3,4,16,1,7
1,24,58,1,6,9,33,3,15
1,24,59,0,1,2,1,1,3
1,24,60,1,1,3,2,2,4
1,24,61,1,2,5,11,3,7
1,24,62,1,1,9,8,8,10
1,24,63,1,4,6,23,2,10
1,24,64,0,2,4,10,2,6
1,24,65,1,6,8,32,2,14
1,24,66,1,1,8,7,7,9
1,24,67,1,1,5,4,4,6
1,24,68,1,3,7,19,4,10
1,24,69,1,6,7,31,1,13
1,24,70,0,5,6,27,1,11
1,24,71,1,5,8,29,3,13
1,24,72,0,7,8,34,1,15
1,24,73,1,1,8,7,7,9
1,24,74,1,3,6,18,3,9
1,24,75,0,1,2,1,1,3
1,24,76,1,4,8,25,4,12
1,24,77,1,6,9,33,3,15
1,24,78,1,8,9,36,1,17
1,24,79,1,2,6,12,4,8
1,24,80,1,5,6,27,1,11
1,24,81,1,6,7,31,1,13
1,24,82,1,1,7,6,6,8
1,24,83,1,4,5,22,1,9
1,24,84,1,3,7,19,4,10
1,24,85,1,5,8,29,3,13
1,24,86,1,2,4,10,2,6
1,24,87,1,5,7,28,2,12
1,24,88,1,3,9,21,6,12
1,24,89,1,1,4,3,3,5
1,24,90,0,2,3,9,1,5
1,24,91,1,1,9,8,8,10
1,24,92,1,1,6,5,5,7
1,24,93,1,4,9,26,5,13
1,24,94,0,7,9,35,2,16
1,24,95,1,4,7,24,3,11
1,24,96,1,3,5,17,2,8
1,24,97,1,2,7,13,5,9
1,24,98,1,2,9,15,7,11
1,24,99,1,4,6,23,2,10
1,24,100,1,3,4,16,1,7
1,24,101,0,2,5,11,3,7
1,24,102,1,5,9,30,4,14
1,24,103,1,6,8,32,2,14
1,24,104,0,7,8,34,1,15
1,24,105,1,2,8,14,6,10
1,24,106,1,1,3,2,2,4
1,24,107,1,1,5,4,4,6
1,24,108,1,3,8,20,5,11
1,24,109,1,6,8,32,2,14
1,24,110,0,7,8,34,1,15
1,24,111,1,4,8,25,4,12
1,24,112,0,4,6,23,2,10
1,24,113,1,1,6,5,5,7
1,24,114,1,3,7,19,4,10
1,24,115,1,2,7,13,5,9
1,24,116,1,2,8,14,6,10
1,24,117,1,1,4,3,3,5
1,24,118,1,3,9,21,6,12
1,24,119,1,1,9,8,8,10
1,24,120,1,3,5,17,2,8
1,24,121,0,1,3,2,2,4
1,24,122,1,3,8,20,5,11
1,24,123,1,6,7,31,1,13
1,24,124,0,1,2,1,1,3
1,24,125,1,5,8,29,3,13
1,24,126,1,6,9,33,3,15
1,24,127,1,8,9,36,1,17
1,24,128,1,1,7,6,6,8
1,24,129,1,4,9,26,5,13
1,24,130,0,2,4,10,2,6
1,24,131,1,2,6,12,4,8
1,24,132,1,3,4,16,1,7
1,24,133,1,5,6,27,1,11
1,24,134,0,1,5,4,4,6
1,24,135,1,1,8,7,7,9
1,24,136,1,2,9,15,7,11
1,24,137,1,7,9,35,2,16
1,24,138,1,2,3,9,1,5
1,24,139,1,5,9,30,4,14
1,24,140,1,5,7,28,2,12
1,24,141,1,4,7,24,3,11
1,24,142,1,2,5,11,3,7
1,24,143,1,3,6,18,3,9
1,24,144,0,4,5,22,1,9
1,25,1,1,5,8,29,3,13
1,25,2,0,4,6,23,2,10
1,25,3,0,3,8,20,5,11
1,25,4,1,3,4,16,1,7
1,25,5,1,3,6,18,3,9
1,25,6,1,8,9,36,1,17
1,25,7,0,6,9,33,3,15
1,25,8,0,2,3,9,1,5
1,25,9,0,4,9,26,5,13
1,25,10,0,2,8,14,6,10
1,25,11,0,1,5,4,4,6
1,25,12,0,5,6,27,1,11
1,25,13,0,3,9,21,6,12
1,25,14,1,2,9,15,7,11
1,25,15,1,1,7,6,6,8
1,25,16,1,1,8,7,7,9
1,25,17,0,4,7,24,3,11
1,25,18,1,4,5,22,1,9
1,25,19,0,7,8,34,1,15
1,25,20,1,5,9,30,4,14
1,25,21,0,2,7,13,5,9
1,25,22,1,2,4,10,2,6
1,25,23,0,6,8,32,2,14
1,25,24,1,2,5,11,3,7
1,25,25,1,1,3,2,2,4
1,25,26,1,1,4,3,3,5
1,25,27,0,3,5,17,2,8
1,25,28,1,7,9,35,2,16
1,25,29,1,2,6,12,4,8
1,25,30,1,1,6,5,5,7
1,25,31,1,1,9,8,8,10
1,25,32,0,6,7,31,1,13
1,25,33,1,4,8,25,4,12
1,25,34,1,5,7,28,2,12
1,25,35,1,1,2,1,1,3
1,25,36,1,3,7,19,4,10
1,25,37,1,1,4,3,3,5
1,25,38,1,2,7,13,5,9
1,25,39,0,2,4,10,2,6
1,25,40,0,1,2,1,1,3
1,25,41,1,1,7,6,6,8
1,25,42,1,5,8,29,3,13
1,25,43,1,5,6,27,1,11
1,25,44,1,4,9,26,5,13
1,25,45,1,5,7,28,2,12
1,25,46,1,3,9,21,6,12
1,25,47,1,1,9,8,8,10
1,25,48,1,8,9,36,1,17
1,25,49,1,5,9,30,4,14
1,25,50,0,4,5,22,1,9
1,25,51,1,4,7,24,3,11
1,25,52,1,1,8,7,7,9
1,25,53,1,3,8,20,5,11
1,25,54,0,3,4,16,1,7
1,25,55,1,3,6,18,3,9
1,25,56,0,1,6,5,5,7
1,25,57,1,3,7,19,4,10
1,25,58,1,1,3,2,2,4
1,25,59,1,2,8,14,6,10
1,25,60,1,1,5,4,4,6
1,25,61,1,4,6,23,2,10
1,25,62,1,2,6,12,4,8
1,25,63,0,6,9,33,3,15
1,25,64,1,7,9,35,2,16
1,25,65,0,6,7,31,1,13
1,25,66,0,3,5,17,2,8
1,25,67,0,2,5,11,3,7
1,25,68,1,2,3,9,1,5
1,25,69,1,4,8,25,4,12
1,25,70,0,7,8,34,1,15
1,25,71,0,6,8,32,2,14
1,25,72,1,2,9,15,7,11
1,25,73,1,6,7,31,1,13
1,25,74,1,7,9,35,2,16
1,25,75,0,3,6,18,3,9
1,25,76,0,7,8,34,1,15
1,25,77,1,5,8,29,3,13
1,25,78,0,6,9,33,3,15
1,25,79,1,2,4,10,2,6
1,25,80,1,1,2,1,1,3
1,25,81,1,1,3,2,2,4
1,25,82,1,1,8,7,7,9
1,25,83,1,4,6,23,2,10
1,25,84,0,6,8,32,2,14
1,25,85,1,3,5,17,2,8
1,25,86,1,2,8,14,6,10
1,25,87,1,5,7,28,2,12
1,25,88,1,2,7,13,5,9
1,25,89,0,3,4,16,1,7
1,25,90,1,2,5,11,3,7
1,25,91,1,1,5,4,4,6
1,25,92,1,4,8,25,4,12
1,25,93,1,1,4,3,3,5
1,25,94,1,2,6,12,4,8
1,25,95,1,2,3,9,1,5
1,25,96,1,5,6,27,1,11
1,25,97,1,4,9,26,5,13
1,25,98,1,3,7,19,4,10
1,25,99,1,2,9,15,7,11
1,25,100,1,1,9,8,8,10
1,25,101,1,3,8,20,5,11
1,25,102,1,3,9,21,6,12
1,25,103,1,1,6,5,5,7
1,25,104,1,4,7,24,3,11
1,25,105,1,5,9,30,4,14
1,25,106,1,1,7,6,6,8
1,25,107,1,4,5,22,1,9
1,25,108,0,8,9,36,1,17
1,25,109,0,7,9,35,2,16
1,25,110,1,1,4,3,3,5
1,25,111,1,8,9,36,1,17
1,25,112,1,2,7,13,5,9
1,25,113,1,2,6,12,4,8
1,25,114,1,2,9,15,7,11
1,25,115,1,1,8,7,7,9
1,25,116,1,1,3,2,2,4
1,25,117,1,3,9,21,6,12
1,25,118,0,1,2,1,1,3
1,25,119,1,3,4,16,1,7
1,25,120,0,6,7,31,1,13
1,25,121,1,4,8,25,4,12
1,25,122,1,3,8,20,5,11
1,25,123,1,4,5,22,1,9
1,25,124,1,2,8,14,6,10
1,25,125,1,2,3,9,1,5
1,25,126,1,3,7,19,4,10
1,25,127,1,2,5,11,3,7
1,25,128,0,6,9,33,3,15
1,25,129,1,1,9,8,8,10
1,25,130,1,5,6,27,1,11
1,25,131,1,4,6,23,2,10
1,25,132,1,4,7,24,3,11
1,25,133,1,5,8,29,3,13
1,25,134,0,7,8,34,1,15
1,25,135,1,1,5,4,4,6
1,25,136,1,3,6,18,3,9
1,25,137,1,1,7,6,6,8
1,25,138,1,2,4,10,2,6
1,25,139,1,3,5,17,2,8
1,25,140,1,5,7,28,2,12
1,25,141,1,5,9,30,4,14
1,25,142,1,4,9,26,5,13
1,25,143,1,1,6,5,5,7
1,25,144,0,6,8,32,2,14
1,26,1,0,1,3,2,2,4
1,26,2,0,1,7,6,6,8
1,26,3,0,6,9,33,3,15
1,26,4,0,3,8,20,5,11
1,26,5,1,2,3,9,1,5
1,26,6,0,7,8,34,1,15
1,26,7,1,2,6,12,4,8
1,26,8,0,7,9,35,2,16
1,26,9,1,4,5,22,1,9
1,26,10,1,4,7,24,3,11
1,26,11,0,3,6,18,3,9
1,26,12,1,3,9,21,6,12
1,26,13,0,1,2,1,1,3
1,26,14,1,4,8,25,4,12
1,26,15,1,2,8,14,6,10
1,26,16,1,4,9,26,5,13
1,26,17,1,2,5,11,3,7
1,26,18,1,1,6,5,5,7
1,26,19,0,6,8,32,2,14
1,26,20,1,1,9,8,8,10
1,26,21,0,3,7,19,4,10
1,26,22,0,5,7,28,2,12
1,26,23,1,4,6,23,2,10
1,26,24,1,5,9,30,4,14
1,26,25,1,1,5,4,4,6
1,26,26,0,8,9,36,1,17
1,26,27,0,3,4,16,1,7
1,26,28,1,1,4,3,3,5
1,26,29,1,5,6,27,1,11
1,26,30,1,2,9,15,7,11
1,26,31,0,2,4,10,2,6
1,26,32,0,3,5,17,2,8
1,26,33,1,2,7,13,5,9
1,26,34,1,1,8,7,7,9
1,26,35,0,6,7,31,1,13
1,26,36,1,5,8,29,3,13
1,26,37,0,6,7,31,1,13
1,26,38,1,5,7,28,2,12
1,26,39,1,2,9,15,7,11
1,26,40,1,3,6,18,3,9
1,26,41,1,5,6,27,1,11
1,26,42,0,6,9,33,3,15
1,26,43,0,1,4,3,3,5
1,26,44,1,3,9,21,6,12
1,26,45,0,7,9,35,2,16
1,26,46,1,5,8,29,3,13
1,26,47,1,4,9,26,5,13
1,26,48,1,3,8,20,5,11
1,26,49,1,3,7,19,4,10
1,26,50,1,1,6,5,5,7
1,26,51,1,2,5,11,3,7
1,26,52,1,5,9,30,4,14
1,26,53,1,2,8,14,6,10
1,26,54,1,2,7,13,5,9
1,26,55,0,7,8,34,1,15
1,26,56,0,2,4,10,2,6
1,26,57,0,6,8,32,2,14
1,26,58,1,2,6,12,4,8
1,26,59,1,1,5,4,4,6
1,26,60,1,4,7,24,3,11
1,26,61,1,4,8,25,4,12
1,26,62,1,1,7,6,6,8
1,26,63,0,3,5,17,2,8
1,26,64,0,3,4,16,1,7
1,26,65,1,1,2,1,1,3
1,26,66,1,8,9,36,1,17
1,26,67,1,1,3,2,2,4
1,26,68,1,1,9,8,8,10
1,26,69,1,4,6,23,2,10
1,26,70,1,2,3,9,1,5
1,26,71,1,4,5,22,1,9
1,26,72,1,1,8,7,7,9
1,26,73,0,6,7,31,1,13
1,26,74,0,7,8,34,1,15
1,26,75,1,4,9,26,5,13
1,26,76,1,4,7,24,3,11
1,26,77,0,6,9,33,3,15
1,26,78,1,5,6,27,1,11
1,26,79,1,8,9,36,1,17
1,26,80,0,2,8,14,6,10
1,26,81,1,3,6,18,3,9
1,26,82,1,1,9,8,8,10
1,26,83,1,2,3,9,1,5
1,26,84,1,5,8,29,3,13
1,26,85,1,3,4,16,1,7
1,26,86,1,3,8,20,5,11
1,26,87,1,2,7,13,5,9
1,26,88,1,2,5,11,3,7
1,26,89,1,4,6,23,2,10
1,26,90,1,1,3,2,2,4
1,26,91,1,3,9,21,6,12
1,26,92,1,5,7,28,2,12
1,26,93,1,1,6,5,5,7
1,26,94,1,5,9,30,4,14
1,26,95,1,2,6,12,4,8
1,26,96,1,2,9,15,7,11
1,26,97,0,3,5,17,2,8
1,26,98,1,1,4,3,3,5
1,26,99,1,1,7,6,6,8
1,26,100,0,4,5,22,1,9
1,26,101,1,3,7,19,4,10
1,26,102,1,1,5,4,4,6
1,26,103,1,1,2,1,1,3
1,26,104,1,1,8,7,7,9
1,26,105,0,6,8,32,2,14
1,26,106,1,7,9,35,2,16
1,26,107,1,2,4,10,2,6
1,26,108,1,4,8,25,4,12
1,26,109,1,1,8,7,7,9
1,26,110,1,3,9,21,6,12
1,26,111,1,1,3,2,2,4
1,26,112,0,8,9,36,1,17
1,26,113,1,1,6,5,5,7
1,26,114,1,7,9,35,2,16
1,26,115,1,2,6,12,4,8
1,26,116,1,4,9,26,5,13
1,26,117,1,4,5,22,1,9
1,26,118,1,2,9,15,7,11
1,26,119,1,4,6,23,2,10
1,26,120,1,1,7,6,6,8
1,26,121,1,3,4,16,1,7
1,26,122,1,4,8,25,4,12
1,26,123,1,3,5,17,2,8
1,26,124,1,3,6,18,3,9
1,26,125,1,5,8,29,3,13
1,26,126,0,2,3,9,1,5
1,26,127,1,3,7,19,4,10
1,26,128,1,5,7,28,2,12
1,26,129,0,2,5,11,3,7
1,26,130,1,1,5,4,4,6
1,26,131,0,6,9,33,3,15
1,26,132,0,6,7,31,1,13
1,26,133,1,5,9,30,4,14
1,26,134,1,6,8,32,2,14
1,26,135,1,2,8,14,6,10
1,26,136,1,2,4,10,2,6
1,26,137,1,4,7,24,3,11
1,26,138,1,1,9,8,8,10
1,26,139,1,1,2,1,1,3
1,26,140,1,5,6,27,1,11
1,26,141,1,3,8,20,5,11
1,26,142,1,1,4,3,3,5
1,26,143,0,7,8,34,1,15
1,26,144,1,2,7,13,5,9
1,27,1,1,5,7,28,2,12
1,27,2,1,2,9,15,7,11
1,27,3,1,5,6,27,1,11
1,27,4,1,4,7,24,3,11
1,27,5,1,1,9,8,8,10
1,27,6,1,1,7,6,6,8
1,27,7,1,3,6,18,3,9
1,27,8,0,6,8,32,2,14
1,27,9,1,5,9,30,4,14
1,27,10,0,3,4,16,1,7
1,27,11,1,4,9,26,5,13
1,27,12,1,5,8,29,3,13
1,27,13,0,4,5,22,1,9
1,27,14,0,6,9,33,3,15
1,27,15,1,1,3,2,2,4
1,27,16,1,7,8,34,1,15
1,27,17,1,8,9,36,1,17
1,27,18,1,2,6,12,4,8
1,27,19,1,2,8,14,6,10
1,27,20,0,3,5,17,2,8
1,27,21,1,1,6,5,5,7
1,27,22,0,6,7,31,1,13
1,27,23,1,2,3,9,1,5
1,27,24,1,7,9,35,2,16
1,27,25,1,1,2,1,1,3
1,27,26,1,2,7,13,5,9
1,27,27,1,1,4,3,3,5
1,27,28,1,1,5,4,4,6
1,27,29,1,2,4,10,2,6
1,27,30,1,4,6,23,2,10
1,27,31,1,1,8,7,7,9
1,27,32,1,4,8,25,4,12
1,27,33,1,3,8,20,5,11
1,27,34,1,3,7,19,4,10
1,27,35,1,2,5,11,3,7
1,27,36,1,3,9,21,6,12
1,27,37,1,3,8,20,5,11
1,27,38,0,5,8,29,3,13
1,27,39,1,1,8,7,7,9
1,27,40,1,2,7,13,5,9
1,27,41,1,1,4,3,3,5
1,27,42,1,5,7,28,2,12
1,27,43,1,3,6,18,3,9
1,27,44,1,4,9,26,5,13
1,27,45,1,1,5,4,4,6
1,27,46,1,4,7,24,3,11
1,27,47,1,3,4,16,1,7
1,27,48,1,3,5,17,2,8
1,27,49,1,3,7,19,4,10
1,27,50,1,8,9,36,1,17
1,27,51,1,2,5,11,3,7
1,27,52,1,7,9,35,2,16
1,27,53,0,6,9,33,3,15
1,27,54,0,2,4,10,2,6
1,27,55,1,7,8,34,1,15
1,27,56,0,6,7,31,1,13
1,27,57,1,2,8,14,6,10
1,27,58,1,1,6,5,5,7
1,27,59,1,4,6,23,2,10
1,27,60,1,3,9,21,6,12
1,27,61,1,1,2,1,1,3
1,27,62,0,6,8,32,2,14
1,27,63,1,2,9,15,7,11
1,27,64,1,5,6,27,1,11
1,27,65,1,5,9,30,4,14
1,27,66,1,1,9,8,8,10
1,27,67,1,2,6,12,4,8
1,27,68,1,1,7,6,6,8
1,27,69,0,2,3,9,1,5
1,27,70,1,4,5,22,1,9
1,27,71,1,1,3,2,2,4
1,27,72,1,4,8,25,4,12
1,27,73,1,3,5,17,2,8
1,27,74,1,5,9,30,4,14
1,27,75,1,3,6,18,3,9
1,27,76,1,3,4,16,1,7
1,27,77,1,5,8,29,3,13
1,27,78,1,3,8,20,5,11
1,27,79,1,6,9,33,3,15
1,27,80,1,2,9,15,7,11
1,27,81,1,1,3,2,2,4
1,27,82,1,1,7,6,6,8
1,27,83,1,4,9,26,5,13
1,27,84,0,6,7,31,1,13
1,27,85,1,4,7,24,3,11
1,27,86,1,5,7,28,2,12
1,27,87,1,6,8,32,2,14
1,27,88,1,3,7,19,4,10
1,27,89,1,1,2,1,1,3
1,27,90,1,5,6,27,1,11
1,27,91,1,4,6,23,2,10
1,27,92,1,1,9,8,8,10
1,27,93,0,2,4,10,2,6
1,27,94,1,2,8,14,6,10
1,27,95,1,4,8,25,4,12
1,27,96,1,1,6,5,5,7
1,27,97,1,1,8,7,7,9
1,27,98,0,2,5,11,3,7
1,27,99,1,3,9,21,6,12
1,27,100,1,2,6,12,4,8
1,27,101,1,4,5,22,1,9
1,27,102,1,1,4,3,3,5
1,27,103,0,2,3,9,1,5
1,27,104,1,8,9,36,1,17
1,27,105,1,1,5,4,4,6
1,27,106,1,2,7,13,5,9
1,27,107,1,7,9,35,2,16
1,27,108,1,7,8,34,1,15
1,27,109,1,4,9,26,5,13
1,27,110,1,5,6,27,1,11
1,27,111,1,4,8,25,4,12
1,27,112,1,7,9,35,2,16
1,27,113,0,6,8,32,2,14
1,27,114,1,1,3,2,2,4
1,27,115,1,4,6,23,2,10
1,27,116,1,3,4,16,1,7
1,27,117,0,2,4,10,2,6
1,27,118,1,2,8,14,6,10
1,27,119,1,2,6,12,4,8
1,27,120,1,2,5,11,3,7
1,27,121,0,7,8,34,1,15
1,27,122,1,5,9,30,4,14
1,27,123,1,1,5,4,4,6
1,27,124,1,1,4,3,3,5
1,27,125,1,1,8,7,7,9
1,27,126,1,2,3,9,1,5
1,27,127,1,5,8,29,3,13
1,27,128,1,3,8,20,5,11
1,27,129,1,8,9,36,1,17
1,27,130,1,1,6,5,5,7
1,27,131,0,4,5,22,1,9
1,27,132,1,2,7,13,5,9
1,27,133,1,3,7,19,4,10
1,27,134,1,4,7,24,3,11
1,27,135,1,3,9,21,6,12
1,27,136,0,6,7,31,1,13
1,27,137,1,3,6,18,3,9
1,27,138,1,1,9,8,8,10
1,27,139,1,5,7,28,2,12
1,27,140,1,1,2,1,1,3
1,27,141,1,1,7,6,6,8
1,27,142,1,3,5,17,2,8
1,27,143,1,6,9,33,3,15
1,27,144,1,2,9,15,7,11
1,28,1,0,1,5,4,4,6
1,28,2,1,1,6,5,5,7
1,28,3,0,7,9,35,2,16
1,28,4,1,1,3,2,2,4
1,28,5,1,3,8,20,5,11
1,28,6,1,8,9,36,1,17
1,28,7,0,4,7,24,3,11
1,28,8,1,3,5,17,2,8
1,28,9,1,1,7,6,6,8
1,28,10,0,5,9,30,4,14
1,28,11,1,7,8,34,1,15
1,28,12,1,1,9,8,8,10
1,28,13,0,1,2,1,1,3
1,28,14,0,2,5,11,3,7
1,28,15,1,4,8,25,4,12
1,28,16,0,5,6,27,1,11
1,28,17,0,5,8,29,3,13
1,28,18,0,2,8,14,6,10
1,28,19,0,2,9,15,7,11
1,28,20,1,3,9,21,6,12
1,28,21,1,2,6,12,4,8
1,28,22,0,4,6,23,2,10
1,28,23,1,3,4,16,1,7
1,28,24,0,6,7,31,1,13
1,28,25,0,6,9,33,3,15
1,28,26,1,3,6,18,3,9
1,28,27,1,2,7,13,5,9
1,28,28,1,2,4,10,2,6
1,28,29,1,1,4,3,3,5
1,28,30,0,2,3,9,1,5
1,28,31,1,6,8,32,2,14
1,28,32,1,3,7,19,4,10
1,28,33,1,4,9,26,5,13
1,28,34,0,5,7,28,2,12
1,28,35,1,4,5,22,1,9
1,28,36,1,1,8,7,7,9
1,28,37,0,2,3,9,1,5
1,28,38,1,1,5,4,4,6
1,28,39,1,1,6,5,5,7
1,28,40,0,4,5,22,1,9
1,28,41,1,5,8,29,3,13
1,28,42,0,7,8,34,1,15
1,28,43,1,4,6,23,2,10
1,28,44,0,2,5,11,3,7
1,28,45,1,3,9,21,6,12
1,28,46,1,2,9,15,7,11
1,28,47,1,1,8,7,7,9
1,28,48,1,6,9,33,3,15
1,28,49,0,4,8,25,4,12
1,28,50,1,3,7,19,4,10
1,28,51,1,2,6,12,4,8
1,28,52,1,1,4,3,3,5
1,28,53,1,4,7,24,3,11
1,28,54,0,8,9,36,1,17
1,28,55,1,1,3,2,2,4
1,28,56,1,7,9,35,2,16
1,28,57,0,5,9,30,4,14
1,28,58,1,3,6,18,3,9
1,28,59,0,5,7,28,2,12
1,28,60,1,1,7,6,6,8
1,28,61,1,6,7,31,1,13
1,28,62,1,1,2,1,1,3
1,28,63,1,2,7,13,5,9
1,28,64,0,5,6,27,1,11
1,28,65,1,3,4,16,1,7
1,28,66,1,1,9,8,8,10
1,28,67,0,4,9,26,5,13
1,28,68,1,3,8,20,5,11
1,28,69,1,2,4,10,2,6
1,28,70,1,2,8,14,6,10
1,28,71,1,3,5,17,2,8
1,28,72,1,6,8,32,2,14
1,28,73,1,3,9,21,6,12
1,28,74,1,1,6,5,5,7
1,28,75,1,3,7,19,4,10
1,28,76,1,2,7,13,5,9
1,28,77,1,1,5,4,4,6
1,28,78,0,5,9,30,4,14
1,28,79,0,2,3,9,1,5
1,28,80,1,6,7,31,1,13
1,28,81,0,4,7,24,3,11
1,28,82,1,3,6,18,3,9
1,28,83,1,2,6,12,4,8
1,28,84,1,1,4,3,3,5
1,28,85,1,1,9,8,8,10
1,28,86,1,4,8,25,4,12
1,28,87,1,1,2,1,1,3
1,28,88,1,3,5,17,2,8
1,28,89,0,8,9,36,1,17
1,28,90,1,2,5,11,3,7
1,28,91,1,2,9,15,7,11
1,28,92,1,5,7,28,2,12
1,28,93,1,1,8,7,7,9
1,28,94,0,7,9,35,2,16
1,28,95,1,6,9,33,3,15
1,28,96,1,1,7,6,6,8
1,28,97,0,4,6,23,2,10
1,28,98,1,4,5,22,1,9
1,28,99,1,7,8,34,1,15
1,28,100,1,4,9,26,5,13
1,28,101,0,5,6,27,1,11
1,28,102,1,5,8,29,3,13
1,28,103,0,2,4,10,2,6
1,28,104,1,3,8,20,5,11
1,28,105,1,1,3,2,2,4
1,28,106,1,2,8,14,6,10
1,28,107,0,6,8,32,2,14
1,28,108,1,3,4,16,1,7
1,28,109,1,1,2,1,1,3
1,28,110,1,4,7,24,3,11
1,28,111,1,4,5,22,1,9
1,28,112,1,5,6,27,1,11
1,28,113,0,6,7,31,1,13
1,28,114,1,3,5,17,2,8
1,28,115,1,2,5,11,3,7
1,28,116,1,7,8,34,1,15
1,28,117,0,5,7,28,2,12
1,28,118,1,1,5,4,4,6
1,28,119,1,8,9,36,1,17
1,28,120,0,3,4,16,1,7
1,28,121,0,2,3,9,1,5
1,28,122,0,4,6,23,2,10
1,28,123,1,2,4,10,2,6
1,28,124,0,6,9,33,3,15
1,28,125,1,1,9,8,8,10
1,28,126,1,5,9,30,4,14
1,28,127,1,7,9,35,2,16
1,28,128,1,1,3,2,2,4
1,28,129,1,2,6,12,4,8
1,28,130,1,2,9,15,7,11
1,28,131,1,2,7,13,5,9
1,28,132,1,1,6,5,5,7
1,28,133,1,3,8,20,5,11
1,28,134,1,4,8,25,4,12
1,28,135,1,1,4,3,3,5
1,28,136,1,6,8,32,2,14
1,28,137,1,1,7,6,6,8
1,28,138,1,5,8,29,3,13
1,28,139,1,1,8,7,7,9
1,28,140,1,2,8,14,6,10
1,28,141,1,4,9,26,5,13
1,28,142,0,3,9,21,6,12
1,28,143,0,3,6,18,3,9
1,28,144,1,3,7,19,4,10
1,29,1,1,3,5,17,2,8
1,29,2,0,2,3,9,1,5
1,29,3,1,4,5,22,1,9
1,29,4,0,3,4,16,1,7
1,29,5,1,3,7,19,4,10
1,29,6,1,6,9,33,3,15
1,29,7,1,3,6,18,3,9
1,29,8,1,7,8,34,1,15
1,29,9,0,2,5,11,3,7
1,29,10,0,2,4,10,2,6
1,29,11,0,1,5,4,4,6
1,29,12,1,5,9,30,4,14
1,29,13,0,1,7,6,6,8
1,29,14,0,2,7,13,5,9
1,29,15,1,2,8,14,6,10
1,29,16,0,1,9,8,8,10
1,29,17,0,1,2,1,1,3
1,29,18,1,1,8,7,7,9
1,29,19,0,8,9,36,1,17
1,29,20,1,5,8,29,3,13
1,29,21,1,4,7,24,3,11
1,29,22,1,7,9,35,2,16
1,29,23,0,6,7,31,1,13
1,29,24,1,4,9,26,5,13
1,29,25,0,1,3,2,2,4
1,29,26,1,5,6,27,1,11
1,29,27,1,5,7,28,2,12
1,29,28,1,4,8,25,4,12
1,29,29,1,6,8,32,2,14
1,29,30,1,2,9,15,7,11
1,29,31,0,3,9,21,6,12
1,29,32,0,1,4,3,3,5
1,29,33,1,3,8,20,5,11
1,29,34,0,2,6,12,4,8
1,29,35,0,4,6,23,2,10
1,29,36,0,1,6,5,5,7
1,29,37,1,6,8,32,2,14
1,29,38,0,3,4,16,1,7
1,29,39,1,3,9,21,6,12
1,29,40,0,2,6,12,4,8
1,29,41,1,1,9,8,8,10
1,29,42,0,4,9,26,5,13
1,29,43,1,3,7,19,4,10
1,29,44,1,1,3,2,2,4
1,29,45,1,1,7,6,6,8
1,29,46,0,7,8,34,1,15
1,29,47,0,4,6,23,2,10
1,29,48,1,8,9,36,1,17
1,29,49,1,2,9,15,7,11
1,29,50,0,6,7,31,1,13
1,29,51,1,5,9,30,4,14
1,29,52,1,1,6,5,5,7
1,29,53,0,7,9,35,2,16
1,29,54,1,4,7,24,3,11
1,29,55,0,4,8,25,4,12
1,29,56,1,2,4,10,2,6
1,29,57,1,3,8,20,5,11
1,29,58,1,6,9,33,3,15
1,29,59,1,2,8,14,6,10
1,29,60,1,5,8,29,3,13
1,29,61,1,3,6,18,3,9
1,29,62,1,1,4,3,3,5
1,29,63,1,2,5,11,3,7
1,29,64,1,5,7,28,2,12
1,29,65,1,2,7,13,5,9
1,29,66,0,1,5,4,4,6
1,29,67,1,2,3,9,1,5
1,29,68,0,4,5,22,1,9
1,29,69,0,1,2,1,1,3
1,29,70,1,1,8,7,7,9
1,29,71,0,3,5,17,2,8
1,29,72,1,5,6,27,1,11
1,29,73,0,2,5,11,3,7
1,29,74,1,3,7,19,4,10
1,29,75,0,7,8,34,1,15
1,29,76,1,5,6,27,1,11
1,29,77,1,2,6,12,4,8
1,29,78,1,1,6,5,5,7
1,29,79,1,4,7,24,3,11
1,29,80,1,6,8,32,2,14
1,29,81,1,2,8,14,6,10
1,29,82,1,4,8,25,4,12
1,29,83,1,1,8,7,7,9
1,29,84,1,3,6,18,3,9
1,29,85,1,2,9,15,7,11
1,29,86,1,1,9,8,8,10
1,29,87,1,5,8,29,3,13
1,29,88,1,1,7,6,6,8
1,29,89,1,1,2,1,1,3
1,29,90,1,5,9,30,4,14
1,29,91,0,4,5,22,1,9
1,29,92,0,7,9,35,2,16
1,29,93,1,3,4,16,1,7
1,29,94,1,1,4,3,3,5
1,29,95,1,4,9,26,5,13
1,29,96,1,3,9,21,6,12
1,29,97,1,1,3,2,2,4
1,29,98,0,8,9,36,1,17
1,29,99,1,6,7,31,1,13
1,29,100,0,4,6,23,2,10
1,29,101,1,6,9,33,3,15
1,29,102,1,2,7,13,5,9
1,29,103,1,2,4,10,2,6
1,29,104,1,3,5,17,2,8
1,29,105,1,1,5,4,4,6
1,29,106,1,5,7,28,2,12
1,29,107,1,3,8,20,5,11
1,29,108,1,2,3,9,1,5
1,29,109,0,1,2,1,1,3
1,29,110,1,3,7,19,4,10
1,29,111,1,8,9,36,1,17
1,29,112,1,1,7,6,6,8
1,29,113,0,4,5,22,1,9
1,29,114,1,3,9,21,6,12
1,29,115,1,5,7,28,2,12
1,29,116,1,2,7,13,5,9
1,29,117,1,5,8,29,3,13
1,29,118,1,6,8,32,2,14
1,29,119,0,7,8,34,1,15
1,29,120,1,4,8,25,4,12
1,29,121,1,1,9,8,8,10
1,29,122,1,7,9,35,2,16
1,29,123,1,5,9,30,4,14
1,29,124,1,1,8,7,7,9
1,29,125,1,2,8,14,6,10
1,29,126,1,1,4,3,3,5
1,29,127,1,2,9,15,7,11
1,29,128,1,2,4,10,2,6
1,29,129,1,2,6,12,4,8
1,29,130,1,4,9,26,5,13
1,29,131,1,4,7,24,3,11
1,29,132,1,3,8,20,5,11
1,29,133,0,1,3,2,2,4
1,29,134,1,3,6,18,3,9
1,29,135,1,6,9,33,3,15
1,29,136,1,1,6,5,5,7
1,29,137,1,2,3,9,1,5
1,29,138,0,4,6,23,2,10
1,29,139,1,3,5,17,2,8
1,29,140,0,6,7,31,1,13
1,29,141,1,3,4,16,1,7
1,29,142,1,1,5,4,4,6
1,29,143,1,2,5,11,3,7
1,29,144,1,5,6,27,1,11
1,30,1,0,2,3,9,1,5
1,30,2,1,3,9,21,6,12
1,30,3,0,8,9,36,1,17
1,30,4,0,7,9,35,2,16
1,30,5,1,2,8,14,6,10
1,30,6,0,6,8,32,2,14
1,30,7,1,2,6,12,4,8
1,30,8,1,4,7,24,3,11
1,30,9,1,3,5,17,2,8
1,30,10,0,1,6,5,5,7
1,30,11,0,5,9,30,4,14
1,30,12,1,4,6,23,2,10
1,30,13,1,2,7,13,5,9
1,30,14,0,3,7,19,4,10
1,30,15,0,1,7,6,6,8
1,30,16,1,1,8,7,7,9
1,30,17,0,1,4,3,3,5
1,30,18,1,5,8,29,3,13
1,30,19,1,3,6,18,3,9
1,30,20,1,1,9,8,8,10
1,30,21,0,1,2,1,1,3
1,30,22,0,6,7,31,1,13
1,30,23,0,1,5,4,4,6
1,30,24,1,3,4,16,1,7
1,30,25,1,4,9,26,5,13
1,30,26,1,5,7,28,2,12
1,30,27,0,4,5,22,1,9
1,30,28,0,2,5,11,3,7
1,30,29,1,2,9,15,7,11
1,30,30,1,1,3,2,2,4
1,30,31,1,2,4,10,2,6
1,30,32,0,7,8,34,1,15
1,30,33,1,6,9,33,3,15
1,30,34,0,4,8,25,4,12
1,30,35,0,5,6,27,1,11
1,30,36,1,3,8,20,5,11
1,30,37,1,2,9,15,7,11
1,30,38,0,1,3,2,2,4
1,30,39,1,1,9,8,8,10
1,30,40,1,3,9,21,6,12
1,30,41,1,4,8,25,4,12
1,30,42,1,2,4,10,2,6
1,30,43,0,1,4,3,3,5
1,30,44,1,3,6,18,3,9
1,30,45,1,2,8,14,6,10
1,30,46,1,4,6,23,2,10
1,30,47,1,2,5,11,3,7
1,30,48,0,1,5,4,4,6
1,30,49,1,2,3,9,1,5
1,30,50,1,3,7,19,4,10
1,30,51,0,5,7,28,2,12
1,30,52,0,8,9,36,1,17
1,30,53,1,2,7,13,5,9
1,30,54,0,5,8,29,3,13
1,30,55,1,3,5,17,2,8
1,30,56,1,4,5,22,1,9
1,30,57,0,1,6,5,5,7
1,30,58,1,1,8,7,7,9
1,30,59,0,7,9,35,2,16
1,30,60,1,6,9,33,3,15
1,30,61,0,5,6,27,1,11
1,30,62,1,6,7,31,1,13
1,30,63,0,2,6,12,4,8
1,30,64,1,5,9,30,4,14
1,30,65,1,3,8,20,5,11
1,30,66,0,1,2,1,1,3
1,30,67,1,1,7,6,6,8
1,30,68,1,6,8,32,2,14
1,30,69,1,3,4,16,1,7
1,30,70,1,4,9,26,5,13
1,30,71,1,4,7,24,3,11
1,30,72,0,7,8,34,1,15
1,30,73,1,1,9,8,8,10
1,30,74,1,1,5,4,4,6
1,30,75,1,1,4,3,3,5
1,30,76,1,4,8,25,4,12
1,30,77,0,1,3,2,2,4
1,30,78,1,5,7,28,2,12
1,30,79,1,5,8,29,3,13
1,30,80,1,6,7,31,1,13
1,30,81,1,3,8,20,5,11
1,30,82,1,3,4,16,1,7
1,30,83,1,3,7,19,4,10
1,30,84,0,2,5,11,3,7
1,30,85,0,7,8,34,1,15
1,30,86,1,1,2,1,1,3
1,30,87,1,1,6,5,5,7
1,30,88,1,4,5,22,1,9
1,30,89,1,3,9,21,6,12
1,30,90,1,6,8,32,2,14
1,30,91,0,4,6,23,2,10
1,30,92,1,6,9,33,3,15
1,30,93,0,8,9,36,1,17
1,30,94,1,1,8,7,7,9
1,30,95,1,2,9,15,7,11
1,30,96,1,4,9,26,5,13
1,30,97,1,3,5,17,2,8
1,30,98,0,5,6,27,1,11
1,30,99,1,2,6,12,4,8
1,30,100,1,3,6,18,3,9
1,30,101,1,2,7,13,5,9
1,30,102,1,5,9,30,4,14
1,30,103,1,4,7,24,3,11
1,30,104,1,1,7,6,6,8
1,30,105,1,2,8,14,6,10
1,30,106,0,2,3,9,1,5
1,30,107,0,2,4,10,2,6
1,30,108,1,7,9,35,2,16
1,30,109,1,4,6,23,2,10
1,30,110,1,5,9,30,4,14
1,30,111,1,3,6,18,3,9
1,30,112,1,4,7,24,3,11
1,30,113,1,5,7,28,2,12
1,30,114,1,1,7,6,6,8
1,30,115,1,7,8,34,1,15
1,30,116,0,2,4,10,2,6
1,30,117,1,3,8,20,5,11
1,30,118,1,3,5,17,2,8
1,30,119,1,1,8,7,7,9
1,30,120,1,3,9,21,6,12
1,30,121,1,8,9,36,1,17
1,30,122,1,2,9,15,7,11
1,30,123,1,1,6,5,5,7
1,30,124,1,2,8,14,6,10
1,30,125,0,1,5,4,4,6
1,30,126,1,4,9,26,5,13
1,30,127,0,7,9,35,2,16
1,30,128,0,2,6,12,4,8
1,30,129,0,1,3,2,2,4
1,30,130,1,2,5,11,3,7
1,30,131,0,2,3,9,1,5
1,30,132,1,4,8,25,4,12
1,30,133,1,4,5,22,1,9
1,30,134,1,5,6,27,1,11
1,30,135,1,2,7,13,5,9
1,30,136,0,1,4,3,3,5
1,30,137,1,6,8,32,2,14
1,30,138,0,3,4,16,1,7
1,30,139,1,1,2,1,1,3
1,30,140,1,1,9,8,8,10
1,30,141,1,5,8,29,3,13
1,30,142,1,6,9,33,3,15
1,30,143,1,3,7,19,4,10
1,30,144,1,6,7,31,1,13
1,31,1,1,1,5,4,4,6
1,31,2,1,7,9,35,2,16
1,31,3,0,3,8,20,5,11
1,31,4,1,1,8,7,7,9
1,31,5,1,1,4,3,3,5
1,31,6,0,5,8,29,3,13
1,31,7,0,2,6,12,4,8
1,31,8,0,2,3,9,1,5
1,31,9,1,6,8,32,2,14
1,31,10,0,2,4,10,2,6
1,31,11,0,5,6,27,1,11
1,31,12,0,7,8,34,1,15
1,31,13,0,8,9,36,1,17
1,31,14,0,4,9,26,5,13
1,31,15,1,6,9,33,3,15
1,31,16,1,1,9,8,8,10
1,31,17,0,2,8,14,6,10
1,31,18,0,1,7,6,6,8
1,31,19,0,2,7,13,5,9
1,31,20,0,6,7,31,1,13
1,31,21,1,4,6,23,2,10
1,31,22,0,2,9,15,7,11
1,31,23,1,4,8,25,4,12
1,31,24,0,3,6,18,3,9
1,31,25,1,4,5,22,1,9
1,31,26,1,4,7,24,3,11
1,31,27,1,5,7,28,2,12
1,31,28,0,2,5,11,3,7
1,31,29,1,5,9,30,4,14
1,31,30,0,3,7,19,4,10
1,31,31,1,1,3,2,2,4
1,31,32,0,3,5,17,2,8
1,31,33,1,1,6,5,5,7
1,31,34,1,1,2,1,1,3
1,31,35,0,3,4,16,1,7
1,31,36,1,3,9,21,6,12
1,31,37,1,1,7,6,6,8
1,31,38,1,6,9,33,3,15
1,31,39,0,2,7,13,5,9
1,31,40,1,5,8,29,3,13
1,31,41,1,5,6,27,1,11
1,31,42,0,7,9,35,2,16
1,31,43,0,6,8,32,2,14
1,31,44,1,5,7,28,2,12
1,31,45,1,1,9,8,8,10
1,31,46,0,6,7,31,1,13
1,31,47,1,1,8,7,7,9
1,31,48,1,3,8,20,5,11
1,31,49,1,3,7,19,4,10
1,31,50,1,5,9,30,4,14
1,31,51,0,3,5,17,2,8
1,31,52,0,4,8,25,4,12
1,31,53,1,1,5,4,4,6
1,31,54,0,2,5,11,3,7
1,31,55,1,3,6,18,3,9
1,31,56,0,2,8,14,6,10
1,31,57,0,4,5,22,1,9
1,31,58,0,2,3,9,1,5
1,31,59,0,7,8,34,1,15
1,31,60,1,1,4,3,3,5
1,31,61,1,4,6,23,2,10
1,31,62,0,2,9,15,7,11
1,31,63,1,1,2,1,1,3
1,31,64,1,4,9,26,5,13
1,31,65,0,2,4,10,2,6
1,31,66,1,3,4,16,1,7
1,31,67,0,8,9,36,1,17
1,31,68,1,4,7,24,3,11
1,31,69,0,2,6,12,4,8
1,31,70,1,3,9,21,6,12
1,31,71,0,1,3,2,2,4
1,31,72,1,1,6,5,5,7
1,31,73,0,2,3,9,1,5
1,31,74,0,2,6,12,4,8
1,31,75,0,2,5,11,3,7
1,31,76,0,7,9,35,2,16
1,31,77,0,1,3,2,2,4
1,31,78,0,4,8,25,4,12
1,31,79,1,8,9,36,1,17
1,31,80,1,5,9,30,4,14
1,31,81,0,4,9,26,5,13
1,31,82,1,4,7,24,3,11
1,31,83,1,3,9,21,6,12
1,31,84,1,3,6,18,3,9
1,31,85,1,1,2,1,1,3
1,31,86,0,7,8,34,1,15
1,31,87,1,1,5,4,4,6
1,31,88,1,1,4,3,3,5
1,31,89,1,1,7,6,6,8
1,31,90,1,5,8,29,3,13
1,31,91,1,1,9,8,8,10
1,31,92,1,3,4,16,1,7
1,31,93,1,2,9,15,7,11
1,31,94,1,2,4,10,2,6
1,31,95,1,2,8,14,6,10
1,31,96,1,1,8,7,7,9
1,31,97,1,3,7,19,4,10
1,31,98,1,6,7,31,1,13
1,31,99,1,1,6,5,5,7
1,31,100,1,5,6,27,1,11
1,31,101,1,6,9,33,3,15
1,31,102,0,4,6,23,2,10
1,31,103,1,6,8,32,2,14
1,31,104,1,3,5,17,2,8
1,31,105,1,5,7,28,2,12
1,31,106,1,3,8,20,5,11
1,31,107,1,2,7,13,5,9
1,31,108,0,4,5,22,1,9
1,31,109,1,3,7,19,4,10
1,31,110,1,5,7,28,2,12
1,31,111,1,5,8,29,3,13
1,31,112,0,4,5,22,1,9
1,31,113,1,3,9,21,6,12
1,31,114,1,1,7,6,6,8
1,31,115,1,1,6,5,5,7
1,31,116,1,1,9,8,8,10
1,31,117,1,2,4,10,2,6
1,31,118,1,1,8,7,7,9
1,31,119,1,2,8,14,6,10
1,31,120,1,2,6,12,4,8
1,31,121,0,1,3,2,2,4
1,31,122,1,6,8,32,2,14
1,31,123,1,6,7,31,1,13
1,31,124,1,5,6,27,1,11
1,31,125,1,3,4,16,1,7
1,31,126,0,4,7,24,3,11
1,31,127,0,4,6,23,2,10
1,31,128,1,1,4,3,3,5
1,31,129,1,5,9,30,4,14
1,31,130,0,2,3,9,1,5
1,31,131,1,4,9,26,5,13
1,31,132,0,1,2,1,1,3
1,31,133,1,7,8,34,1,15
1,31,134,1,7,9,35,2,16
1,31,135,1,3,8,20,5,11
1,31,136,1,3,6,18,3,9
1,31,137,1,2,5,11,3,7
1,31,138,1,4,8,25,4,12
1,31,139,1,1,5,4,4,6
1,31,140,0,3,5,17,2,8
1,31,141,1,6,9,33,3,15
1,31,142,1,2,7,13,5,9
1,31,143,0,8,9,36,1,17
1,31,144,1,2,9,15,7,11
1,32,1,1,2,9,15,7,11
1,32,2,1,6,8,32,2,14
1,32,3,0,1,8,7,7,9
1,32,4,1,2,4,10,2,6
1,32,5,0,3,9,21,6,12
1,32,6,1,2,7,13,5,9
1,32,7,0,8,9,36,1,17
1,32,8,1,3,5,17,2,8
1,32,9,1,2,5,11,3,7
1,32,10,1,3,8,20,5,11
1,32,11,1,6,7,31,1,13
1,32,12,1,2,3,9,1,5
1,32,13,0,3,6,18,3,9
1,32,14,1,2,8,14,6,10
1,32,15,0,7,8,34,1,15
1,32,16,1,1,4,3,3,5
1,32,17,1,2,6,12,4,8
1,32,18,1,1,7,6,6,8
1,32,19,1,1,5,4,4,6
1,32,20,0,5,7,28,2,12
1,32,21,0,4,7,24,3,11
1,32,22,0,1,2,1,1,3
1,32,23,1,1,3,2,2,4
1,32,24,1,7,9,35,2,16
1,32,25,0,5,8,29,3,13
1,32,26,1,4,5,22,1,9
1,32,27,0,4,6,23,2,10
1,32,28,0,6,9,33,3,15
1,32,29,1,3,4,16,1,7
1,32,30,1,4,8,25,4,12
1,32,31,1,3,7,19,4,10
1,32,32,1,4,9,26,5,13
1,32,33,1,5,9,30,4,14
1,32,34,1,1,6,5,5,7
1,32,35,0,5,6,27,1,11
1,32,36,1,1,9,8,8,10
1,32,37,0,6,9,33,3,15
1,32,38,1,5,7,28,2,12
1,32,39,1,3,8,20,5,11
1,32,40,1,3,4,16,1,7
1,32,41,1,4,5,22,1,9
1,32,42,1,3,7,19,4,10
1,32,43,1,2,8,14,6,10
1,32,44,1,1,4,3,3,5
1,32,45,1,8,9,36,1,17
1,32,46,0,6,8,32,2,14
1,32,47,1,1,2,1,1,3
1,32,48,1,2,5,11,3,7
1,32,49,1,5,9,30,4,14
1,32,50,1,2,7,13,5,9
1,32,51,1,4,9,26,5,13
1,32,52,1,2,9,15,7,11
1,32,53,1,2,4,10,2,6
1,32,54,1,4,6,23,2,10
1,32,55,1,7,8,34,1,15
1,32,56,1,1,7,6,6,8
1,32,57,1,1,8,7,7,9
1,32,58,1,7,9,35,2,16
1,32,59,1,5,8,29,3,13
1,32,60,0,6,7,31,1,13
1,32,61,1,2,3,9,1,5
1,32,62,0,1,3,2,2,4
1,32,63,1,5,6,27,1,11
1,32,64,1,2,6,12,4,8
1,32,65,1,4,7,24,3,11
1,32,66,1,4,8,25,4,12
1,32,67,1,1,5,4,4,6
1,32,68,1,1,6,5,5,7
1,32,69,1,1,9,8,8,10
1,32,70,1,3,6,18,3,9
1,32,71,1,3,9,21,6,12
1,32,72,1,3,5,17,2,8
1,32,73,1,3,4,16,1,7
1,32,74,1,1,9,8,8,10
1,32,75,1,4,7,24,3,11
1,32,76,1,5,6,27,1,11
1,32,77,0,1,2,1,1,3
1,32,78,1,1,4,3,3,5
1,32,79,1,7,9,35,2,16
1,32,80,1,3,5,17,2,8
1,32,81,1,6,8,32,2,14
1,32,82,1,1,7,6,6,8
1,32,83,1,3,8,20,5,11
1,32,84,1,1,6,5,5,7
1,32,85,0,6,7,31,1,13
1,32,86,1,2,9,15,7,11
1,32,87,1,5,8,29,3,13
1,32,88,1,2,4,10,2,6
1,32,89,1,3,6,18,3,9
1,32,90,1,3,7,19,4,10
1,32,91,1,2,3,9,1,5
1,32,92,0,7,8,34,1,15
1,32,93,1,5,7,28,2,12
1,32,94,1,5,9,30,4,14
1,32,95,1,4,5,22,1,9
1,32,96,1,1,8,7,7,9
1,32,97,0,8,9,36,1,17
1,32,98,1,2,6,12,4,8
1,32,99,1,4,6,23,2,10
1,32,100,0,6,9,33,3,15
1,32,101,1,4,8,25,4,12
1,32,102,1,4,9,26,5,13
1,32,103,1,2,5,11,3,7
1,32,104,1,1,3,2,2,4
1,32,105,1,2,8,14,6,10
1,32,106,1,3,9,21,6,12
1,32,107,1,1,5,4,4,6
1,32,108,1,2,7,13,5,9
1,32,109,1,1,3,2,2,4
1,32,110,0,8,9,36,1,17
1,32,111,1,1,9,8,8,10
1,32,112,0,5,7,28,2,12
1,32,113,1,2,6,12,4,8
1,32,114,1,1,4,3,3,5
1,32,115,1,3,9,21,6,12
1,32,116,1,5,6,27,1,11
1,32,117,1,1,5,4,4,6
1,32,118,1,3,8,20,5,11
1,32,119,1,7,8,34,1,15
1,32,120,1,2,4,10,2,6
1,32,121,1,5,9,30,4,14
1,32,122,1,4,6,23,2,10
1,32,123,1,2,5,11,3,7
1,32,124,1,4,5,22,1,9
1,32,125,0,1,2,1,1,3
1,32,126,1,1,7,6,6,8
1,32,127,1,3,4,16,1,7
1,32,128,1,1,6,5,5,7
1,32,129,1,4,7,24,3,11
1,32,130,1,2,3,9,1,5
1,32,131,1,1,8,7,7,9
1,32,132,1,3,5,17,2,8
1,32,133,1,2,7,13,5,9
1,32,134,1,2,9,15,7,11
1,32,135,1,3,6,18,3,9
1,32,136,1,4,8,25,4,12
1,32,137,0,6,9,33,3,15
1,32,138,1,6,7,31,1,13
1,32,139,0,6,8,32,2,14
1,32,140,1,5,8,29,3,13
1,32,141,1,4,9,26,5,13
1,32,142,1,7,9,35,2,16
1,32,143,1,2,8,14,6,10
1,32,144,1,3,7,19,4,10
1,33,1,1,3,8,20,5,11
1,33,2,0,7,8,34,1,15
1,33,3,1,8,9,36,1,17
1,33,4,0,6,9,33,3,15
1,33,5,1,2,6,12,4,8
1,33,6,1,4,8,25,4,12
1,33,7,1,1,5,4,4,6
1,33,8,1,4,5,22,1,9
1,33,9,1,7,9,35,2,16
1,33,10,0,5,8,29,3,13
1,33,11,1,3,6,18,3,9
1,33,12,1,3,4,16,1,7
1,33,13,0,5,7,28,2,12
1,33,14,1,4,6,23,2,10
1,33,15,1,2,9,15,7,11
1,33,16,1,3,5,17,2,8
1,33,17,0,5,6,27,1,11
1,33,18,1,4,7,24,3,11
1,33,19,0,6,7,31,1,13
1,33,20,1,1,4,3,3,5
1,33,21,1,2,5,11,3,7
1,33,22,0,6,8,32,2,14
1,33,23,1,2,7,13,5,9
1,33,24,1,2,4,10,2,6
1,33,25,1,1,9,8,8,10
1,33,26,0,5,9,30,4,14
1,33,27,1,3,7,19,4,10
1,33,28,1,1,6,5,5,7
1,33,29,0,1,3,2,2,4
1,33,30,0,2,3,9,1,5
1,33,31,1,1,7,6,6,8
1,33,32,1,1,2,1,1,3
1,33,33,1,3,9,21,6,12
1,33,34,1,4,9,26,5,13
1,33,35,1,1,8,7,7,9
1,33,36,1,2,8,14,6,10
1,33,37,1,2,7,13,5,9
1,33,38,1,4,6,23,2,10
1,33,39,0,1,3,2,2,4
1,33,40,0,3,4,16,1,7
1,33,41,1,1,5,4,4,6
1,33,42,0,6,9,33,3,15
1,33,43,1,4,5,22,1,9
1,33,44,1,1,4,3,3,5
1,33,45,1,5,6,27,1,11
1,33,46,1,2,4,10,2,6
1,33,47,1,5,7,28,2,12
1,33,48,1,6,8,32,2,14
1,33,49,1,2,6,12,4,8
1,33,50,0,7,9,35,2,16
1,33,51,1,6,7,31,1,13
1,33,52,1,1,6,5,5,7
1,33,53,1,3,7,19,4,10
1,33,54,1,4,8,25,4,12
1,33,55,1,4,9,26,5,13
1,33,56,0,1,8,7,7,9
1,33,57,1,1,9,8,8,10
1,33,58,1,3,9,21,6,12
1,33,59,1,4,7,24,3,11
1,33,60,1,2,3,9,1,5
1,33,61,1,2,5,11,3,7
1,33,62,0,5,8,29,3,13
1,33,63,1,1,7,6,6,8
1,33,64,1,3,5,17,2,8
1,33,65,1,7,8,34,1,15
1,33,66,1,3,6,18,3,9
1,33,67,1,3,8,20,5,11
1,33,68,1,8,9,36,1,17
1,33,69,1,1,2,1,1,3
1,33,70,1,2,9,15,7,11
1,33,71,1,5,9,30,4,14
1,33,72,1,2,8,14,6,10
1,33,73,1,2,3,9,1,5
1,33,74,1,1,6,5,5,7
1,33,75,1,5,9,30,4,14
1,33,76,1,2,7,13,5,9
1,33,77,1,4,5,22,1,9
1,33,78,1,5,6,27,1,11
1,33,79,1,4,7,24,3,11
1,33,80,1,1,9,8,8,10
1,33,81,0,3,4,16,1,7
1,33,82,1,6,8,32,2,14
1,33,83,1,2,9,15,7,11
1,33,84,1,1,5,4,4,6
1,33,85,1,1,8,7,7,9
1,33,86,1,6,9,33,3,15
1,33,87,1,6,7,31,1,13
1,33,88,0,5,7,28,2,12
1,33,89,1,1,3,2,2,4
1,33,90,1,2,6,12,4,8
1,33,91,1,4,9,26,5,13
1,33,92,1,5,8,29,3,13
1,33,93,1,3,9,21,6,12
1,33,94,0,1,4,3,3,5
1,33,95,1,1,2,1,1,3
1,33,96,1,7,8,34,1,15
1,33,97,0,1,7,6,6,8
1,33,98,1,7,9,35,2,16
1,33,99,1,3,6,18,3,9
1,33,100,0,2,8,14,6,10
1,33,101,1,2,5,11,3,7
1,33,102,1,3,5,17,2,8
1,33,103,0,8,9,36,1,17
1,33,104,1,4,8,25,4,12
1,33,105,1,4,6,23,2,10
1,33,106,0,2,4,10,2,6
1,33,107,1,3,7,19,4,10
1,33,108,1,3,8,20,5,11
1,33,109,1,1,6,5,5,7
1,33,110,1,3,5,17,2,8
1,33,111,1,2,6,12,4,8
1,33,112,1,7,8,34,1,15
1,33,113,0,1,2,1,1,3
1,33,114,1,4,6,23,2,10
1,33,115,1,2,3,9,1,5
1,33,116,0,8,9,36,1,17
1,33,117,1,7,9,35,2,16
1,33,118,0,5,7,28,2,12
1,33,119,1,2,5,11,3,7
1,33,120,1,5,8,29,3,13
1,33,121,1,3,4,16,1,7
1,33,122,1,6,9,33,3,15
1,33,123,1,5,6,27,1,11
1,33,124,1,2,4,10,2,6
1,33,125,0,6,7,31,1,13
1,33,126,1,3,8,20,5,11
1,33,127,0,1,9,8,8,10
1,33,128,1,6,8,32,2,14
1,33,129,1,2,9,15,7,11
1,33,130,1,4,7,24,3,11
1,33,131,1,4,9,26,5,13
1,33,132,1,1,7,6,6,8
1,33,133,1,1,8,7,7,9
1,33,134,1,3,6,18,3,9
1,33,135,1,2,7,13,5,9
1,33,136,1,5,9,30,4,14
1,33,137,1,2,8,14,6,10
1,33,138,0,1,4,3,3,5
1,33,139,1,3,9,21,6,12
1,33,140,1,3,7,19,4,10
1,33,141,1,1,5,4,4,6
1,33,142,1,1,3,2,2,4
1,33,143,1,4,5,22,1,9
1,33,144,1,4,8,25,4,12
1,34,1,0,3,5,17,2,8
1,34,2,0,2,4,10,2,6
1,34,3,0,1,5,4,4,6
1,34,4,0,5,6,27,1,11
1,34,5,1,5,7,28,2,12
1,34,6,0,3,7,19,4,10
1,34,7,1,5,9,30,4,14
1,34,8,0,4,7,24,3,11
1,34,9,1,7,8,34,1,15
1,34,10,0,3,9,21,6,12
1,34,11,1,1,2,1,1,3
1,34,12,0,1,7,6,6,8
1,34,13,1,3,6,18,3,9
1,34,14,0,7,9,35,2,16
1,34,15,0,3,8,20,5,11
1,34,16,0,4,8,25,4,12
1,34,17,0,1,9,8,8,10
1,34,18,0,4,9,26,5,13
1,34,19,1,1,4,3,3,5
1,34,20,0,2,3,9,1,5
1,34,21,0,2,7,13,5,9
1,34,22,0,3,4,16,1,7
1,34,23,1,1,8,7,7,9
1,34,24,1,8,9,36,1,17
1,34,25,0,4,5,22,1,9
1,34,26,1,1,6,5,5,7
1,34,27,0,6,9,33,3,15
1,34,28,0,2,9,15,7,11
1,34,29,1,5,8,29,3,13
1,34,30,1,1,3,2,2,4
1,34,31,1,4,6,23,2,10
1,34,32,0,6,7,31,1,13
1,34,33,0,2,8,14,6,10
1,34,34,0,6,8,32,2,14
1,34,35,1,2,6,12,4,8
1,34,36,1,2,5,11,3,7
1,34,37,1,5,8,29,3,13
1,34,38,0,1,5,4,4,6
1,34,39,1,1,3,2,2,4
1,34,40,1,1,8,7,7,9
1,34,41,0,3,5,17,2,8
1,34,42,0,4,5,22,1,9
1,34,43,0,1,2,1,1,3
1,34,44,1,2,9,15,7,11
1,34,45,1,2,6,12,4,8
1,34,46,1,2,5,11,3,7
1,34,47,1,2,3,9,1,5
1,34,48,0,3,4,16,1,7
1,34,49,1,2,4,10,2,6
1,34,50,0,6,7,31,1,13
1,34,51,0,3,9,21,6,12
1,34,52,1,8,9,36,1,17
1,34,53,1,5,9,30,4,14
1,34,54,0,3,8,20,5,11
1,34,55,1,5,6,27,1,11
1,34,56,1,1,7,6,6,8
1,34,57,1,2,7,13,5,9
1,34,58,0,7,9,35,2,16
1,34,59,1,2,8,14,6,10
1,34,60,0,4,8,25,4,12
1,34,61,0,4,6,23,2,10
1,34,62,1,1,9,8,8,10
1,34,63,0,3,7,19,4,10
1,34,64,0,7,8,34,1,15
1,34,65,1,5,7,28,2,12
1,34,66,1,1,6,5,5,7
1,34,67,0,6,9,33,3,15
1,34,68,1,1,4,3,3,5
1,34,69,1,3,6,18,3,9
1,34,70,1,4,7,24,3,11
1,34,71,0,6,8,32,2,14
1,34,72,1,4,9,26,5,13
1,34,73,1,4,8,25,4,12
1,34,74,0,3,7,19,4,10
1,34,75,0,6,7,31,1,13
1,34,76,1,1,9,8,8,10
1,34,77,1,2,8,14,6,10
1,34,78,0,6,9,33,3,15
1,34,79,0,7,9,35,2,16
1,34,80,1,4,6,23,2,10
1,34,81,0,7,8,34,1,15
1,34,82,1,1,8,7,7,9
1,34,83,1,4,7,24,3,11
1,34,84,1,5,9,30,4,14
1,34,85,1,3,8,20,5,11
1,34,86,1,2,3,9,1,5
1,34,87,1,2,4,10,2,6
1,34,88,0,6,8,32,2,14
1,34,89,1,3,6,18,3,9
1,34,90,1,2,5,11,3,7
1,34,91,1,5,8,29,3,13
1,34,92,0,4,5,22,1,9
1,34,93,1,2,9,15,7,11
1,34,94,1,1,2,1,1,3
1,34,95,1,8,9,36,1,17
1,34,96,1,5,7,28,2,12
1,34,97,1,1,3,2,2,4
1,34,98,1,3,9,21,6,12
1,34,99,0,3,5,17,2,8
1,34,100,1,2,6,12,4,8
1,34,101,1,2,7,13,5,9
1,34,102,1,1,6,5,5,7
1,34,103,1,1,7,6,6,8
1,34,104,1,5,6,27,1,11
1,34,105,1,4,9,26,5,13
1,34,106,1,1,4,3,3,5
1,34,107,1,1,5,4,4,6
1,34,108,1,3,4,16,1,7
1,34,109,1,2,5,11,3,7
1,34,110,0,4,5,22,1,9
1,34,111,0,1,2,1,1,3
1,34,112,0,7,8,34,1,15
1,34,113,1,3,6,18,3,9
1,34,114,1,5,6,27,1,11
1,34,115,1,3,8,20,5,11
1,34,116,1,5,7,28,2,12
1,34,117,1,1,7,6,6,8
1,34,118,1,5,9,30,4,14
1,34,119,1,2,9,15,7,11
1,34,120,1,4,8,25,4,12
1,34,121,1,3,4,16,1,7
1,34,122,1,6,8,32,2,14
1,34,123,1,2,8,14,6,10
1,34,124,0,4,6,23,2,10
1,34,125,1,3,7,19,4,10
1,34,126,0,7,9,35,2,16
1,34,127,0,1,5,4,4,6
1,34,128,1,2,7,13,5,9
1,34,129,1,4,9,26,5,13
1,34,130,1,2,4,10,2,6
1,34,131,1,4,7,24,3,11
1,34,132,1,1,6,5,5,7
1,34,133,1,6,9,33,3,15
1,34,134,1,3,9,21,6,12
1,34,135,1,2,6,12,4,8
1,34,136,1,6,7,31,1,13
1,34,137,1,1,9,8,8,10
1,34,138,1,1,4,3,3,5
1,34,139,1,3,5,17,2,8
1,34,140,1,5,8,29,3,13
1,34,141,1,1,8,7,7,9
1,34,142,0,8,9,36,1,17
1,34,143,1,2,3,9,1,5
1,34,144,1,1,3,2,2,4
2,1,1,0,3,4,16,1,7
2,1,2,0,4,5,22,1,9
2,1,3,0,4,7,24,3,11
2,1,4,1,1,8,7,7,9
2,1,5,1,6,9,33,3,15
2,1,6,1,6,7,31,1,13
2,1,7,0,5,8,29,3,13
2,1,8,1,2,4,10,2,6
2,1,9,1,1,5,4,4,6
2,1,10,1,2,9,15,7,11
2,1,11,0,5,9,30,4,14
2,1,12,1,1,2,1,1,3
2,1,13,0,5,6,27,1,11
2,1,14,1,3,8,20,5,11
2,1,15,1,3,6,18,3,9
2,1,16,1,2,8,14,6,10
2,1,17,0,3,5,17,2,8
2,1,18,1,7,8,34,1,15
2,1,19,1,8,9,36,1,17
2,1,20,1,1,3,2,2,4
2,1,21,1,7,9,35,2,16
2,1,22,1,6,8,32,2,14
2,1,23,0,3,9,21,6,12
2,1,24,1,2,7,13,5,9
2,1,25,1,1,9,8,8,10
2,1,26,0,3,7,19,4,10
2,1,27,1,1,4,3,3,5
2,1,28,1,4,9,26,5,13
2,1,29,1,2,5,11,3,7
2,1,30,1,2,6,12,4,8
2,1,31,1,1,7,6,6,8
2,1,32,1,4,8,25,4,12
2,1,33,1,1,6,5,5,7
2,1,34,1,2,3,9,1,5
2,1,35,1,5,7,28,2,12
2,1,36,0,4,6,23,2,10
2,1,37,1,5,6,27,1,11
2,1,38,1,5,8,29,3,13
2,1,39,1,2,4,10,2,6
2,1,40,1,1,6,5,5,7
2,1,41,1,2,7,13,5,9
2,1,42,0,6,7,31,1,13
2,1,43,1,1,5,4,4,6
2,1,44,1,4,8,25,4,12
2,1,45,0,1,2,1,1,3
2,1,46,1,6,9,33,3,15
2,1,47,1,2,3,9,1,5
2,1,48,1,6,8,32,2,14
2,1,49,0,3,7,19,4,10
2,1,50,1,4,9,26,5,13
2,1,51,1,4,7,24,3,11
2,1,52,1,1,3,2,2,4
2,1,53,0,7,8,34,1,15
2,1,54,1,3,8,20,5,11
2,1,55,1,3,9,21,6,12
2,1,56,1,1,4,3,3,5
2,1,57,1,4,5,22,1,9
2,1,58,0,7,9,35,2,16
2,1,59,1,2,6,12,4,8
2,1,60,1,1,9,8,8,10
2,1,61,1,5,7,28,2,12
2,1,62,1,1,8,7,7,9
2,1,63,1,5,9,30,4,14
2,1,64,0,4,6,23,2,10
2,1,65,1,3,4,16,1,7
2,1,66,1,2,8,14,6,10
2,1,67,1,2,9,15,7,11
2,1,68,1,2,5,11,3,7
2,1,69,0,3,5,17,2,8
2,1,70,0,8,9,36,1,17
2,1,71,1,1,7,6,6,8
2,1,72,1,3,6,18,3,9
2,1,73,1,5,7,28,2,12
2,1,74,1,2,9,15,7,11
2,1,75,1,5,8,29,3,13
2,1,76,1,1,3,2,2,4
2,1,77,1,6,9,33,3,15
2,1,78,0,4,7,24,3,11
2,1,79,1,1,8,7,7,9
2,1,80,0,1,2,1,1,3
2,1,81,1,1,4,3,3,5
2,1,82,1,2,7,13,5,9
2,1,83,1,3,8,20,5,11
2,1,84,1,4,9,26,5,13
2,1,85,1,1,7,6,6,8
2,1,86,1,3,7,19,4,10
2,1,87,1,3,9,21,6,12
2,1,88,1,2,4,10,2,6
2,1,89,1,6,8,32,2,14
2,1,90,1,7,8,34,1,15
2,1,91,1,1,5,4,4,6
2,1,92,1,8,9,36,1,17
2,1,93,1,1,9,8,8,10
2,1,94,1,5,9,30,4,14
2,1,95,1,1,6,5,5,7
2,1,96,0,4,5,22,1,9
2,1,97,1,2,6,12,4,8
2,1,98,1,2,8,14,6,10
2,1,99,1,7,9,35,2,16
2,1,100,0,6,7,31,1,13
2,1,101,1,3,6,18,3,9
2,1,102,1,2,5,11,3,7
2,1,103,0,5,6,27,1,11
2,1,104,1,4,8,25,4,12
2,1,105,1,3,5,17,2,8
2,1,106,1,2,3,9,1,5
2,1,107,1,4,6,23,2,10
2,1,108,0,3,4,16,1,7
2,1,109,1,4,7,24,3,11
2,1,110,1,2,9,15,7,11
2,1,111,1,1,9,8,8,10
2,1,112,1,6,8,32,2,14
2,1,113,0,1,3,2,2,4
2,1,114,1,2,5,11,3,7
2,1,115,1,4,6,23,2,10
2,1,116,1,1,7,6,6,8
2,1,117,1,2,3,9,1,5
2,1,118,1,7,9,35,2,16
2,1,119,1,4,8,25,4,12
2,1,120,1,1,6,5,5,7
2,1,121,1,5,9,30,4,14
2,1,122,1,3,6,18,3,9
2,1,123,1,1,4,3,3,5
2,1,124,1,2,8,14,6,10
2,1,125,1,2,4,10,2,6
2,1,126,1,4,5,22,1,9
2,1,127,1,8,9,36,1,17
2,1,128,1,3,5,17,2,8
2,1,129,0,6,7,31,1,13
2,1,130,1,2,7,13,5,9
2,1,131,1,3,4,16,1,7
2,1,132,1,3,7,19,4,10
2,1,133,1,1,5,4,4,6
2,1,134,1,3,9,21,6,12
2,1,135,1,5,8,29,3,13
2,1,136,1,5,7,28,2,12
2,1,137,1,4,9,26,5,13
2,1,138,1,1,8,7,7,9
2,1,139,1,3,8,20,5,11
2,1,140,0,2,6,12,4,8
2,1,141,1,6,9,33,3,15
2,1,142,0,1,2,1,1,3
2,1,143,0,5,6,27,1,11
2,1,144,1,7,8,34,1,15
2,2,1,0,5,9,30,4,14
2,2,2,1,3,4,16,1,7
2,2,3,0,1,2,1,1,3
2,2,4,0,1,3,2,2,4
2,2,5,0,5,6,27,1,11
2,2,6,1,7,9,35,2,16
2,2,7,0,2,4,10,2,6
2,2,8,0,1,9,8,8,10
2,2,9,0,4,8,25,4,12
2,2,10,1,8,9,36,1,17
2,2,11,1,4,9,26,5,13
2,2,12,1,7,8,34,1,15
2,2,13,1,1,6,5,5,7
2,2,14,1,3,8,20,5,11
2,2,15,1,1,5,4,4,6
2,2,16,1,2,9,15,7,11
2,2,17,1,4,6,23,2,10
2,2,18,0,5,7,28,2,12
2,2,19,1,1,4,3,3,5
2,2,20,0,6,8,32,2,14
2,2,21,1,3,5,17,2,8
2,2,22,0,2,3,9,1,5
2,2,23,1,2,6,12,4,8
2,2,24,1,1,7,6,6,8
2,2,25,0,4,5,22,1,9
2,2,26,1,2,5,11,3,7
2,2,27,0,4,7,24,3,11
2,2,28,1,2,8,14,6,10
2,2,29,1,3,9,21,6,12
2,2,30,1,6,9,33,3,15
2,2,31,1,1,8,7,7,9
2,2,32,0,6,7,31,1,13
2,2,33,0,3,7,19,4,10
2,2,34,1,3,6,18,3,9
2,2,35,1,5,8,29,3,13
2,2,36,1,2,7,13,5,9
2,2,37,1,7,9,35,2,16
2,2,38,1,6,9,33,3,15
2,2,39,0,2,6,12,4,8
2,2,40,1,3,4,16,1,7
2,2,41,1,1,4,3,3,5
2,2,42,1,4,5,22,1,9
2,2,43,1,1,9,8,8,10
2,2,44,0,2,3,9,1,5
2,2,45,1,6,8,32,2,14
2,2,46,1,1,6,5,5,7
2,2,47,1,1,5,4,4,6
2,2,48,1,5,9,30,4,14
2,2,49,1,2,4,10,2,6
2,2,50,1,4,9,26,5,13
2,2,51,0,2,7,13,5,9
2,2,52,1,4,8,25,4,12
2,2,53,1,1,2,1,1,3
2,2,54,1,2,5,11,3,7
2,2,55,1,1,7,6,6,8
2,2,56,1,1,8,7,7,9
2,2,57,0,3,5,17,2,8
2,2,58,1,2,8,14,6,10
2,2,59,1,5,7,28,2,12
2,2,60,0,4,7,24,3,11
2,2,61,1,2,9,15,7,11
2,2,62,1,5,8,29,3,13
2,2,63,0,8,9,36,1,17
2,2,64,0,5,6,27,1,11
2,2,65,1,3,7,19,4,10
2,2,66,0,7,8,34,1,15
2,2,67,1,3,9,21,6,12
2,2,68,1,3,8,20,5,11
2,2,69,1,3,6,18,3,9
2,2,70,1,1,3,2,2,4
2,2,71,1,6,7,31,1,13
2,2,72,0,4,6,23,2,10
2,2,73,0,8,9,36,1,17
2,2,74,1,6,8,32,2,14
2,2,75,1,1,5,4,4,6
2,2,76,1,1,6,5,5,7
2,2,77,1,7,9,35,2,16
2,2,78,1,6,9,33,3,15
2,2,79,1,1,9,8,8,10
2,2,80,1,2,4,10,2,6
2,2,81,1,7,8,34,1,15
2,2,82,1,2,7,13,5,9
2,2,83,1,5,9,30,4,14
2,2,84,0,4,5,22,1,9
2,2,85,0,1,2,1,1,3
2,2,86,1,1,8,7,7,9
2,2,87,1,3,9,21,6,12
2,2,88,1,3,4,16,1,7
2,2,89,1,2,5,11,3,7
2,2,90,1,2,3,9,1,5
2,2,91,1,3,5,17,2,8
2,2,92,1,3,7,19,4,10
2,2,93,1,5,7,28,2,12
2,2,94,1,1,3,2,2,4
2,2,95,1,1,7,6,6,8
2,2,96,1,4,8,25,4,12
2,2,97,1,1,4,3,3,5
2,2,98,1,3,8,20,5,11
2,2,99,1,6,7,31,1,13
2,2,100,1,4,9,26,5,13
2,2,101,0,3,6,18,3,9
2,2,102,1,4,7,24,3,11
2,2,103,1,5,8,29,3,13
2,2,104,0,5,6,27,1,11
2,2,105,1,2,8,14,6,10
2,2,106,1,2,9,15,7,11
2,2,107,1,4,6,23,2,10
2,2,108,1,2,6,12,4,8
2,2,109,1,3,7,19,4,10
2,2,110,1,3,9,21,6,12
2,2,111,1,5,6,27,1,11
2,2,112,1,1,9,8,8,10
2,2,113,1,3,5,17,2,8
2,2,114,0,6,7,31,1,13
2,2,115,1,2,9,15,7,11
2,2,116,1,4,6,23,2,10
2,2,117,0,5,8,29,3,13
2,2,118,1,2,8,14,6,10
2,2,119,1,2,7,13,5,9
2,2,120,1,6,8,32,2,14
2,2,121,1,2,5,11,3,7
2,2,122,1,1,4,3,3,5
2,2,123,1,2,3,9,1,5
2,2,124,1,3,4,16,1,7
2,2,125,1,8,9,36,1,17
2,2,126,1,7,9,35,2,16
2,2,127,1,7,8,34,1,15
2,2,128,0,5,7,28,2,12
2,2,129,1,1,2,1,1,3
2,2,130,1,1,5,4,4,6
2,2,131,1,1,3,2,2,4
2,2,132,1,2,4,10,2,6
2,2,133,1,2,6,12,4,8
2,2,134,1,1,6,5,5,7
2,2,135,1,4,8,25,4,12
2,2,136,1,1,8,7,7,9
2,2,137,1,5,9,30,4,14
2,2,138,1,4,9,26,5,13
2,2,139,1,1,7,6,6,8
2,2,140,0,3,6,18,3,9
2,2,141,1,3,8,20,5,11
2,2,142,1,4,7,24,3,11
2,2,143,1,4,5,22,1,9
2,2,144,1,6,9,33,3,15
2,3,1,1,3,9,21,6,12
2,3,2,0,3,5,17,2,8
2,3,3,1,8,9,36,1,17
2,3,4,1,4,5,22,1,9
2,3,5,0,2,7,13,5,9
2,3,6,1,2,5,11,3,7
2,3,7,0,2,4,10,2,6
2,3,8,0,2,9,15,7,11
2,3,9,0,2,3,9,1,5
2,3,10,1,5,7,28,2,12
2,3,11,0,1,2,1,1,3
2,3,12,0,5,8,29,3,13
2,3,13,1,2,6,12,4,8
2,3,14,0,3,6,18,3,9
2,3,15,0,1,7,6,6,8
2,3,16,1,5,6,27,1,11
2,3,17,1,1,8,7,7,9
2,3,18,0,5,9,30,4,14
2,3,19,1,1,9,8,8,10
2,3,20,0,6,8,32,2,14
2,3,21,0,1,4,3,3,5
2,3,22,1,4,8,25,4,12
2,3,23,1,4,7,24,3,11
2,3,24,1,1,3,2,2,4
2,3,25,1,4,9,26,5,13
2,3,26,0,6,7,31,1,13
2,3,27,1,4,6,23,2,10
2,3,28,1,3,7,19,4,10
2,3,29,1,3,4,16,1,7
2,3,30,1,2,8,14,6,10
2,3,31,1,1,6,5,5,7
2,3,32,1,3,8,20,5,11
2,3,33,0,7,9,35,2,16
2,3,34,0,1,5,4,4,6
2,3,35,1,6,9,33,3,15
2,3,36,0,7,8,34,1,15
2,3,37,1,4,5,22,1,9
2,3,38,1,1,7,6,6,8
2,3,39,0,7,8,34,1,15
2,3,40,1,1,6,5,5,7
2,3,41,1,1,2,1,1,3
2,3,42,1,5,8,29,3,13
2,3,43,1,1,9,8,8,10
2,3,44,1,4,8,25,4,12
2,3,45,1,4,9,26,5,13
2,3,46,1,1,3,2,2,4
2,3,47,1,2,4,10,2,6
2,3,48,0,4,6,23,2,10
2,3,49,1,5,9,30,4,14
2,3,50,1,2,9,15,7,11
2,3,51,1,3,8,20,5,11
2,3,52,1,6,7,31,1,13
2,3,53,1,2,5,11,3,7
2,3,54,1,3,9,21,6,12
2,3,55,0,6,9,33,3,15
2,3,56,1,1,8,7,7,9
2,3,57,0,7,9,35,2,16
2,3,58,1,3,7,19,4,10
2,3,59,1,5,7,28,2,12
2,3,60,1,5,6,27,1,11
2,3,61,1,2,3,9,1,5
2,3,62,1,3,4,16,1,7
2,3,63,1,6,8,32,2,14
2,3,64,1,1,4,3,3,5
2,3,65,1,8,9,36,1,17
2,3,66,1,1,5,4,4,6
2,3,67,1,3,5,17,2,8
2,3,68,1,2,7,13,5,9
2,3,69,1,3,6,18,3,9
2,3,70,1,4,7,24,3,11
2,3,71,1,2,8,14,6,10
2,3,72,1,2,6,12,4,8
2,3,73,1,1,6,5,5,7
2,3,74,1,2,9,15,7,11
2,3,75,1,5,6,27,1,11
2,3,76,1,2,7,13,5,9
2,3,77,1,8,9,36,1,17
2,3,78,1,2,4,10,2,6
2,3,79,1,3,7,19,4,10
2,3,80,1,1,8,7,7,9
2,3,81,1,4,6,23,2,10
2,3,82,1,4,9,26,5,13
2,3,83,1,1,5,4,4,6
2,3,84,0,7,8,34,1,15
2,3,85,1,1,3,2,2,4
2,3,86,1,3,6,18,3,9
2,3,87,1,1,9,8,8,10
2,3,88,1,5,9,30,4,14
2,3,89,1,3,4,16,1,7
2,3,90,1,2,3,9,1,5
2,3,91,1,1,7,6,6,8
2,3,92,1,6,7,31,1,13
2,3,93,1,5,8,29,3,13
2,3,94,1,2,6,12,4,8
2,3,95,0,7,9,35,2,16
2,3,96,1,2,5,11,3,7
2,3,97,1,2,8,14,6,10
2,3,98,1,1,4,3,3,5
2,3,99,1,6,9,33,3,15
2,3,100,1,5,7,28,2,12
2,3,101,1,3,8,20,5,11
2,3,102,0,6,8,32,2,14
2,3,103,1,3,5,17,2,8
2,3,104,1,4,8,25,4,12
2,3,105,1,3,9,21,6,12
2,3,106,0,4,5,22,1,9
2,3,107,1,1,2,1,1,3
2,3,108,1,4,7,24,3,11
2,3,109,1,6,7,31,1,13
2,3,110,0,5,6,27,1,11
2,3,111,1,1,4,3,3,5
2,3,112,1,1,9,8,8,10
2,3,113,1,3,4,16,1,7
2,3,114,1,2,4,10,2,6
2,3,115,0,7,8,34,1,15
2,3,116,1,1,6,5,5,7
2,3,117,0,4,5,22,1,9
2,3,118,1,2,7,13,5,9
2,3,119,1,1,3,2,2,4
2,3,120,1,4,8,25,4,12
2,3,121,1,4,9,26,5,13
2,3,122,1,2,6,12,4,8
2,3,123,1,3,8,20,5,11
2,3,124,1,7,9,35,2,16
2,3,125,1,1,8,7,7,9
2,3,126,1,1,2,1,1,3
2,3,127,1,5,7,28,2,12
2,3,128,1,1,7,6,6,8
2,3,129,1,2,5,11,3,7
2,3,130,1,3,6,18,3,9
2,3,131,1,6,8,32,2,14
2,3,132,1,4,6,23,2,10
2,3,133,1,5,8,29,3,13
2,3,134,1,6,9,33,3,15
2,3,135,1,3,5,17,2,8
2,3,136,0,2,3,9,1,5
2,3,137,1,8,9,36,1,17
2,3,138,1,4,7,24,3,11
2,3,139,1,5,9,30,4,14
2,3,140,1,2,8,14,6,10
2,3,141,1,3,7,19,4,10
2,3,142,1,3,9,21,6,12
2,3,143,1,2,9,15,7,11
2,3,144,1,1,5,4,4,6
2,4,1,0,2,8,14,6,10
2,4,2,1,3,5,17,2,8
2,4,3,0,5,6,27,1,11
2,4,4,1,3,9,21,6,12
2,4,5,1,1,2,1,1,3
2,4,6,0,6,7,31,1,13
2,4,7,0,1,3,2,2,4
2,4,8,1,1,5,4,4,6
2,4,9,1,7,9,35,2,16
2,4,10,0,5,9,30,4,14
2,4,11,0,4,5,22,1,9
2,4,12,1,1,9,8,8,10
2,4,13,0,2,3,9,1,5
2,4,14,1,1,7,6,6,8
2,4,15,0,3,8,20,5,11
2,4,16,1,2,6,12,4,8
2,4,17,1,4,6,23,2,10
2,4,18,1,4,7,24,3,11
2,4,19,1,2,9,15,7,11
2,4,20,1,5,8,29,3,13
2,4,21,1,6,8,32,2,14
2,4,22,0,3,6,18,3,9
2,4,23,0,1,4,3,3,5
2,4,24,1,7,8,34,1,15
2,4,25,0,3,4,16,1,7
2,4,26,1,2,5,11,3,7
2,4,27,1,4,9,26,5,13
2,4,28,0,8,9,36,1,17
2,4,29,0,5,7,28,2,12
2,4,30,1,1,6,5,5,7
2,4,31,1,4,8,25,4,12
2,4,32,1,2,4,10,2,6
2,4,33,1,1,8,7,7,9
2,4,34,1,6,9,33,3,15
2,4,35,0,3,7,19,4,10
2,4,36,1,2,7,13,5,9
2,4,37,1,1,7,6,6,8
2,4,38,0,3,6,18,3,9
2,4,39,1,2,6,12,4,8
2,4,40,1,1,4,3,3,5
2,4,41,1,1,2,1,1,3
2,4,42,1,5,9,30,4,14
2,4,43,0,4,8,25,4,12
2,4,44,0,6,9,33,3,15
2,4,45,1,7,9,35,2,16
2,4,46,1,1,9,8,8,10
2,4,47,1,3,9,21,6,12
2,4,48,1,1,3,2,2,4
2,4,49,0,6,7,31,1,13
2,4,50,0,4,5,22,1,9
2,4,51,1,3,7,19,4,10
2,4,52,1,1,8,7,7,9
2,4,53,1,3,8,20,5,11
2,4,54,1,2,5,11,3,7
2,4,55,0,3,4,16,1,7
2,4,56,1,2,3,9,1,5
2,4,57,1,2,9,15,7,11
2,4,58,1,4,9,26,5,13
2,4,59,1,2,4,10,2,6
2,4,60,0,7,8,34,1,15
2,4,61,1,5,6,27,1,11
2,4,62,1,2,7,13,5,9
2,4,63,1,2,8,14,6,10
2,4,64,0,3,5,17,2,8
2,4,65,1,4,6,23,2,10
2,4,66,1,8,9,36,1,17
2,4,67,1,6,8,32,2,14
2,4,68,1,4,7,24,3,11
2,4,69,1,1,6,5,5,7
2,4,70,1,5,8,29,3,13
2,4,71,1,5,7,28,2,12
2,4,72,1,1,5,4,4,6
2,4,73,1,4,9,26,5,13
2,4,74,1,1,2,1,1,3
2,4,75,1,2,5,11,3,7
2,4,76,1,2,8,14,6,10
2,4,77,0,7,8,34,1,15
2,4,78,0,3,5,17,2,8
2,4,79,0,4,5,22,1,9
2,4,80,1,1,3,2,2,4
2,4,81,1,2,7,13,5,9
2,4,82,1,2,6,12,4,8
2,4,83,1,6,7,31,1,13
2,4,84,1,1,5,4,4,6
2,4,85,1,3,7,19,4,10
2,4,86,1,1,6,5,5,7
2,4,87,1,3,9,21,6,12
2,4,88,1,1,7,6,6,8
2,4,89,1,5,7,28,2,12
2,4,90,1,1,8,7,7,9
2,4,91,0,3,6,18,3,9
2,4,92,1,2,3,9,1,5
2,4,93,0,5,6,27,1,11
2,4,94,1,5,8,29,3,13
2,4,95,1,5,9,30,4,14
2,4,96,1,2,4,10,2,6
2,4,97,1,8,9,36,1,17
2,4,98,1,3,8,20,5,11
2,4,99,0,6,8,32,2,14
2,4,100,1,6,9,33,3,15
2,4,101,1,4,7,24,3,11
2,4,102,1,1,4,3,3,5
2,4,103,0,7,9,35,2,16
2,4,104,0,3,4,16,1,7
2,4,105,1,4,8,25,4,12
2,4,106,1,1,9,8,8,10
2,4,107,1,2,9,15,7,11
2,4,108,1,4,6,23,2,10
2,4,109,1,2,8,14,6,10
2,4,110,1,2,6,12,4,8
2,4,111,0,3,5,17,2,8
2,4,112,1,3,8,20,5,11
2,4,113,1,4,6,23,2,10
2,4,114,1,4,8,25,4,12
2,4,115,1,2,7,13,5,9
2,4,116,1,3,6,18,3,9
2,4,117,1,8,9,36,1,17
2,4,118,1,1,5,4,4,6
2,4,119,1,4,9,26,5,13
2,4,120,1,1,6,5,5,7
2,4,121,1,1,3,2,2,4
2,4,122,1,7,8,34,1,15
2,4,123,1,5,7,28,2,12
2,4,124,1,1,7,6,6,8
2,4,125,1,3,9,21,6,12
2,4,126,1,1,8,7,7,9
2,4,127,1,6,9,33,3,15
2,4,128,1,6,8,32,2,14
2,4,129,1,1,4,3,3,5
2,4,130,1,2,3,9,1,5
2,4,131,0,1,2,1,1,3
2,4,132,1,4,7,24,3,11
2,4,133,1,6,7,31,1,13
2,4,134,1,3,4,16,1,7
2,4,135,1,5,9,30,4,14
2,4,136,0,7,9,35,2,16
2,4,137,1,1,9,8,8,10
2,4,138,1,4,5,22,1,9
2,4,139,1,2,4,10,2,6
2,4,140,1,3,7,19,4,10
2,4,141,1,2,5,11,3,7
2,4,142,1,2,9,15,7,11
2,4,143,1,5,6,27,1,11
2,4,144,1,5,8,29,3,13
2,5,1,0,5,7,28,2,12
2,5,2,0,3,8,20,5,11
2,5,3,0,4,7,24,3,11
2,5,4,0,7,9,35,2,16
2,5,5,0,2,5,11,3,7
2,5,6,1,6,9,33,3,15
2,5,7,0,3,4,16,1,7
2,5,8,0,2,6,12,4,8
2,5,9,1,1,6,5,5,7
2,5,10,1,1,8,7,7,9
2,5,11,1,4,6,23,2,10
2,5,12,1,3,9,21,6,12
2,5,13,0,5,6,27,1,11
2,5,14,0,4,8,25,4,12
2,5,15,0,1,4,3,3,5
2,5,16,0,2,8,14,6,10
2,5,17,0,2,7,13,5,9
2,5,18,0,2,3,9,1,5
2,5,19,1,1,9,8,8,10
2,5,20,0,2,4,10,2,6
2,5,21,1,6,7,31,1,13
2,5,22,1,4,5,22,1,9
2,5,23,1,5,9,30,4,14
2,5,24,1,6,8,32,2,14
2,5,25,1,3,7,19,4,10
2,5,26,1,1,2,1,1,3
2,5,27,1,4,9,26,5,13
2,5,28,1,1,3,2,2,4
2,5,29,0,3,6,18,3,9
2,5,30,1,1,7,6,6,8
2,5,31,0,5,8,29,3,13
2,5,32,1,1,5,4,4,6
2,5,33,1,3,5,17,2,8
2,5,34,0,7,8,34,1,15
2,5,35,1,8,9,36,1,17
2,5,36,0,2,9,15,7,11
2,5,37,1,1,8,7,7,9
2,5,38,0,4,6,23,2,10
2,5,39,1,1,3,2,2,4
2,5,40,1,4,7,24,3,11
2,5,41,0,3,4,16,1,7
2,5,42,1,4,8,25,4,12
2,5,43,1,8,9,36,1,17
2,5,44,0,2,8,14,6,10
2,5,45,1,5,9,30,4,14
2,5,46,1,4,9,26,5,13
2,5,47,1,1,4,3,3,5
2,5,48,0,3,5,17,2,8
2,5,49,1,3,7,19,4,10
2,5,50,1,4,5,22,1,9
2,5,51,0,2,5,11,3,7
2,5,52,1,2,3,9,1,5
2,5,53,1,2,9,15,7,11
2,5,54,1,5,6,27,1,11
2,5,55,0,3,9,21,6,12
2,5,56,1,1,9,8,8,10
2,5,57,0,3,6,18,3,9
2,5,58,1,6,9,33,3,15
2,5,59,1,3,8,20,5,11
2,5,60,1,1,7,6,6,8
2,5,61,1,5,7,28,2,12
2,5,62,1,6,7,31,1,13
2,5,63,1,1,5,4,4,6
2,5,64,1,6,8,32,2,14
2,5,65,0,2,6,12,4,8
2,5,66,1,7,9,35,2,16
2,5,67,1,1,2,1,1,3
2,5,68,1,1,6,5,5,7
2,5,69,1,2,7,13,5,9
2,5,70,1,5,8,29,3,13
2,5,71,1,2,4,10,2,6
2,5,72,1,7,8,34,1,15
2,5,73,1,1,9,8,8,10
2,5,74,1,6,8,32,2,14
2,5,75,1,2,6,12,4,8
2,5,76,1,1,5,4,4,6
2,5,77,1,1,2,1,1,3
2,5,78,1,7,9,35,2,16
2,5,79,1,2,7,13,5,9
2,5,80,0,3,4,16,1,7
2,5,81,1,2,3,9,1,5
2,5,82,1,5,8,29,3,13
2,5,83,1,1,7,6,6,8
2,5,84,1,5,9,30,4,14
2,5,85,0,4,5,22,1,9
2,5,86,0,3,5,17,2,8
2,5,87,1,6,9,33,3,15
2,5,88,0,6,7,31,1,13
2,5,89,0,5,6,27,1,11
2,5,90,0,5,7,28,2,12
2,5,91,1,4,7,24,3,11
2,5,92,1,4,9,26,5,13
2,5,93,0,2,4,10,2,6
2,5,94,1,1,6,5,5,7
2,5,95,0,3,6,18,3,9
2,5,96,1,7,8,34,1,15
2,5,97,0,3,7,19,4,10
2,5,98,1,1,4,3,3,5
2,5,99,1,4,6,23,2,10
2,5,100,1,1,8,7,7,9
2,5,101,1,2,5,11,3,7
2,5,102,1,3,9,21,6,12
2,5,103,1,2,9,15,7,11
2,5,104,1,4,8,25,4,12
2,5,105,1,3,8,20,5,11
2,5,106,1,2,8,14,6,10
2,5,107,1,8,9,36,1,17
2,5,108,1,1,3,2,2,4
2,5,109,0,3,6,18,3,9
2,5,110,1,3,7,19,4,10
2,5,111,1,2,9,15,7,11
2,5,112,1,2,7,13,5,9
2,5,113,0,5,6,27,1,11
2,5,114,0,3,4,16,1,7
2,5,115,1,2,8,14,6,10
2,5,116,1,1,5,4,4,6
2,5,117,0,5,7,28,2,12
2,5,118,1,2,5,11,3,7
2,5,119,1,7,9,35,2,16
2,5,120,1,4,8,25,4,12
2,5,121,1,1,8,7,7,9
2,5,122,1,5,9,30,4,14
2,5,123,1,3,8,20,5,11
2,5,124,1,4,9,26,5,13
2,5,125,1,1,4,3,3,5
2,5,126,1,4,6,23,2,10
2,5,127,0,6,8,32,2,14
2,5,128,1,3,9,21,6,12
2,5,129,1,1,9,8,8,10
2,5,130,1,8,9,36,1,17
2,5,131,1,1,6,5,5,7
2,5,132,1,6,7,31,1,13
2,5,133,1,2,6,12,4,8
2,5,134,1,1,7,6,6,8
2,5,135,1,1,2,1,1,3
2,5,136,0,3,5,17,2,8
2,5,137,1,1,3,2,2,4
2,5,138,1,7,8,34,1,15
2,5,139,1,2,4,10,2,6
2,5,140,1,5,8,29,3,13
2,5,141,0,4,5,22,1,9
2,5,142,1,2,3,9,1,5
2,5,143,1,6,9,33,3,15
2,5,144,1,4,7,24,3,11
2,6,1,1,3,6,18,3,9
2,6,2,1,4,6,23,2,10
2,6,3,0,2,3,9,1,5
2,6,4,1,5,9,30,4,14
2,6,5,1,7,8,34,1,15
2,6,6,0,3,7,19,4,10
2,6,7,1,3,9,21,6,12
2,6,8,1,6,7,31,1,13
2,6,9,1,6,8,32,2,14
2,6,10,0,2,5,11,3,7
2,6,11,1,4,9,26,5,13
2,6,12,1,1,5,4,4,6
2,6,13,1,8,9,36,1,17
2,6,14,0,4,8,25,4,12
2,6,15,1,1,8,7,7,9
2,6,16,0,5,7,28,2,12
2,6,17,0,2,6,12,4,8
2,6,18,0,2,4,10,2,6
2,6,19,1,2,8,14,6,10
2,6,20,1,3,4,16,1,7
2,6,21,0,4,5,22,1,9
2,6,22,1,3,8,20,5,11
2,6,23,0,1,9,8,8,10
2,6,24,0,1,3,2,2,4
2,6,25,0,5,8,29,3,13
2,6,26,1,1,4,3,3,5
2,6,27,1,7,9,35,2,16
2,6,28,1,3,5,17,2,8
2,6,29,0,1,7,6,6,8
2,6,30,1,2,9,15,7,11
2,6,31,0,6,9,33,3,15
2,6,32,0,1,2,1,1,3
2,6,33,0,5,6,27,1,11
2,6,34,1,1,6,5,5,7
2,6,35,0,4,7,24,3,11
2,6,36,0,2,7,13,5,9
2,6,37,1,2,6,12,4,8
2,6,38,1,3,6,18,3,9
2,6,39,1,3,7,19,4,10
2,6,40,1,3,9,21,6,12
2,6,41,1,4,7,24,3,11
2,6,42,1,3,8,20,5,11
2,6,43,0,5,7,28,2,12
2,6,44,1,2,8,14,6,10
2,6,45,1,1,7,6,6,8
2,6,46,1,2,4,10,2,6
2,6,47,1,4,5,22,1,9
2,6,48,1,1,3,2,2,4
2,6,49,1,5,6,27,1,11
2,6,50,1,1,4,3,3,5
2,6,51,1,3,5,17,2,8
2,6,52,1,4,8,25,4,12
2,6,53,1,2,5,11,3,7
2,6,54,0,6,8,32,2,14
2,6,55,1,1,6,5,5,7
2,6,56,1,4,6,23,2,10
2,6,57,0,5,9,30,4,14
2,6,58,1,8,9,36,1,17
2,6,59,0,7,8,34,1,15
2,6,60,1,4,9,26,5,13
2,6,61,0,2,3,9,1,5
2,6,62,0,5,8,29,3,13
2,6,63,1,2,7,13,5,9
2,6,64,1,7,9,35,2,16
2,6,65,1,6,9,33,3,15
2,6,66,1,1,5,4,4,6
2,6,67,1,1,9,8,8,10
2,6,68,1,1,2,1,1,3
2,6,69,1,2,9,15,7,11
2,6,70,1,1,8,7,7,9
2,6,71,1,6,7,31,1,13
2,6,72,1,3,4,16,1,7
2,6,73,0,2,3,9,1,5
2,6,74,1,1,3,2,2,4
2,6,75,1,4,5,22,1,9
2,6,76,1,1,4,3,3,5
2,6,77,1,1,5,4,4,6
2,6,78,0,5,8,29,3,13
2,6,79,1,2,8,14,6,10
2,6,80,0,3,4,16,1,7
2,6,81,1,4,6,23,2,10
2,6,82,1,4,7,24,3,11
2,6,83,1,1,6,5,5,7
2,6,84,1,2,9,15,7,11
2,6,85,1,2,4,10,2,6
2,6,86,1,6,9,33,3,15
2,6,87,1,3,5,17,2,8
2,6,88,1,8,9,36,1,17
2,6,89,1,3,6,18,3,9
2,6,90,1,1,2,1,1,3
2,6,91,1,2,6,12,4,8
2,6,92,0,5,7,28,2,12
2,6,93,1,3,7,19,4,10
2,6,94,1,4,9,26,5,13
2,6,95,1,1,9,8,8,10
2,6,96,1,1,8,7,7,9
2,6,97,1,6,8,32,2,14
2,6,98,1,1,7,6,6,8
2,6,99,0,7,8,34,1,15
2,6,100,1,3,9,21,6,12
2,6,101,1,2,7,13,5,9
2,6,102,0,5,6,27,1,11
2,6,103,1,4,8,25,4,12
2,6,104,1,3,8,20,5,11
2,6,105,1,2,5,11,3,7
2,6,106,1,7,9,35,2,16
2,6,107,1,6,7,31,1,13
2,6,108,1,5,9,30,4,14
2,6,109,1,7,8,34,1,15
2,6,110,1,3,5,17,2,8
2,6,111,1,1,7,6,6,8
2,6,112,0,8,9,36,1,17
2,6,113,1,3,4,16,1,7
2,6,114,1,1,3,2,2,4
2,6,115,1,1,6,5,5,7
2,6,116,1,5,8,29,3,13
2,6,117,1,5,7,28,2,12
2,6,118,1,3,8,20,5,11
2,6,119,1,1,5,4,4,6
2,6,120,1,4,9,26,5,13
2,6,121,1,2,7,13,5,9
2,6,122,1,5,9,30,4,14
2,6,123,1,7,9,35,2,16
2,6,124,1,3,9,21,6,12
2,6,125,1,4,8,25,4,12
2,6,126,1,2,5,11,3,7
2,6,127,0,5,6,27,1,11
2,6,128,1,6,9,33,3,15
2,6,129,1,2,3,9,1,5
2,6,130,1,1,4,3,3,5
2,6,131,1,1,2,1,1,3
2,6,132,1,4,6,23,2,10
2,6,133,1,4,5,22,1,9
2,6,134,1,3,6,18,3,9
2,6,135,1,4,7,24,3,11
2,6,136,1,6,8,32,2,14
2,6,137,1,2,9,15,7,11
2,6,138,1,6,7,31,1,13
2,6,139,1,1,8,7,7,9
2,6,140,1,1,9,8,8,10
2,6,141,1,3,7,19,4,10
2,6,142,1,2,6,12,4,8
2,6,143,1,2,4,10,2,6
2,6,144,1,2,8,14,6,10
2,7,1,1,4,5,22,1,9
2,7,2,0,6,9,33,3,15
2,7,3,1,3,7,19,4,10
2,7,4,0,5,7,28,2,12
2,7,5,0,3,4,16,1,7
2,7,6,0,3,5,17,2,8
2,7,7,1,2,5,11,3,7
2,7,8,0,7,8,34,1,15
2,7,9,0,1,7,6,6,8
2,7,10,0,4,6,23,2,10
2,7,11,1,1,9,8,8,10
2,7,12,1,2,6,12,4,8
2,7,13,1,2,7,13,5,9
2,7,14,1,1,3,2,2,4
2,7,15,1,3,9,21,6,12
2,7,16,1,2,8,14,6,10
2,7,17,1,5,9,30,4,14
2,7,18,1,3,8,20,5,11
2,7,19,0,4,9,26,5,13
2,7,20,1,3,6,18,3,9
2,7,21,1,1,4,3,3,5
2,7,22,1,1,8,7,7,9
2,7,23,1,5,8,29,3,13
2,7,24,0,4,8,25,4,12
2,7,25,0,6,7,31,1,13
2,7,26,1,6,8,32,2,14
2,7,27,1,8,9,36,1,17
2,7,28,1,1,5,4,4,6
2,7,29,1,2,3,9,1,5
2,7,30,0,7,9,35,2,16
2,7,31,1,1,6,5,5,7
2,7,32,0,4,7,24,3,11
2,7,33,1,1,2,1,1,3
2,7,34,1,2,9,15,7,11
2,7,35,1,2,4,10,2,6
2,7,36,1,5,6,27,1,11
2,7,37,1,6,8,32,2,14
2,7,38,1,3,4,16,1,7
2,7,39,1,1,8,7,7,9
2,7,40,1,3,7,19,4,10
2,7,41,0,1,2,1,1,3
2,7,42,0,4,6,23,2,10
2,7,43,1,6,9,33,3,15
2,7,44,1,4,7,24,3,11
2,7,45,0,8,9,36,1,17
2,7,46,1,1,5,4,4,6
2,7,47,0,7,8,34,1,15
2,7,48,1,5,9,30,4,14
2,7,49,1,1,6,5,5,7
2,7,50,0,3,5,17,2,8
2,7,51,1,1,9,8,8,10
2,7,52,1,1,3,2,2,4
2,7,53,1,3,9,21,6,12
2,7,54,0,2,3,9,1,5
2,7,55,0,7,9,35,2,16
2,7,56,0,6,7,31,1,13
2,7,57,1,1,7,6,6,8
2,7,58,1,2,4,10,2,6
2,7,59,0,4,5,22,1,9
2,7,60,1,2,8,14,6,10
2,7,61,1,4,8,25,4,12
2,7,62,1,3,6,18,3,9
2,7,63,1,5,7,28,2,12
2,7,64,1,1,4,3,3,5
2,7,65,1,2,9,15,7,11
2,7,66,1,2,5,11,3,7
2,7,67,1,2,6,12,4,8
2,7,68,1,3,8,20,5,11
2,7,69,1,5,8,29,3,13
2,7,70,1,2,7,13,5,9
2,7,71,1,4,9,26,5,13
2,7,72,1,5,6,27,1,11
2,7,73,1,3,7,19,4,10
2,7,74,0,7,9,35,2,16
2,7,75,1,4,8,25,4,12
2,7,76,1,6,8,32,2,14
2,7,77,1,5,8,29,3,13
2,7,78,1,5,6,27,1,11
2,7,79,1,3,6,18,3,9
2,7,80,1,3,4,16,1,7
2,7,81,1,3,8,20,5,11
2,7,82,1,4,9,26,5,13
2,7,83,1,6,7,31,1,13
2,7,84,1,6,9,33,3,15
2,7,85,1,3,5,17,2,8
2,7,86,1,4,5,22,1,9
2,7,87,1,2,3,9,1,5
2,7,88,1,3,9,21,6,12
2,7,89,1,2,6,12,4,8
2,7,90,1,5,7,28,2,12
2,7,91,1,2,9,15,7,11
2,7,92,1,2,8,14,6,10
2,7,93,0,8,9,36,1,17
2,7,94,1,1,8,7,7,9
2,7,95,1,1,7,6,6,8
2,7,96,1,5,9,30,4,14
2,7,97,1,4,7,24,3,11
2,7,98,1,4,6,23,2,10
2,7,99,1,1,5,4,4,6
2,7,100,1,1,9,8,8,10
2,7,101,1,1,4,3,3,5
2,7,102,1,2,5,11,3,7
2,7,103,1,1,3,2,2,4
2,7,104,1,1,2,1,1,3
2,7,105,1,2,7,13,5,9
2,7,106,0,7,8,34,1,15
2,7,107,1,2,4,10,2,6
2,7,108,1,1,6,5,5,7
2,7,109,1,2,8,14,6,10
2,7,110,1,5,8,29,3,13
2,7,111,1,8,9,36,1,17
2,7,112,1,1,3,2,2,4
2,7,113,1,2,9,15,7,11
2,7,114,1,5,7,28,2,12
2,7,115,1,4,5,22,1,9
2,7,116,1,2,4,10,2,6
2,7,117,1,5,9,30,4,14
2,7,118,1,3,8,20,5,11
2,7,119,1,1,2,1,1,3
2,7,120,0,7,9,35,2,16
2,7,121,1,6,7,31,1,13
2,7,122,1,5,6,27,1,11
2,7,123,0,2,3,9,1,5
2,7,124,0,3,4,16,1,7
2,7,125,1,6,9,33,3,15
2,7,126,1,2,7,13,5,9
2,7,127,1,6,8,32,2,14
2,7,128,0,7,8,34,1,15
2,7,129,1,4,6,23,2,10
2,7,130,1,2,6,12,4,8
2,7,131,1,3,9,21,6,12
2,7,132,1,2,5,11,3,7
2,7,133,1,3,6,18,3,9
2,7,134,1,1,9,8,8,10
2,7,135,1,1,6,5,5,7
2,7,136,1,1,7,6,6,8
2,7,137,1,4,9,26,5,13
2,7,138,1,1,4,3,3,5
2,7,139,1,4,7,24,3,11
2,7,140,1,3,7,19,4,10
2,7,141,1,1,8,7,7,9
2,7,142,1,1,5,4,4,6
2,7,143,1,4,8,25,4,12
2,7,144,0,3,5,17,2,8
2,8,1,0,4,5,22,1,9
2,8,2,0,1,6,5,5,7
2,8,3,1,5,6,27,1,11
2,8,4,0,2,7,13,5,9
2,8,5,0,2,9,15,7,11
2,8,6,0,2,5,11,3,7
2,8,7,1,3,9,21,6,12
2,8,8,1,6,8,32,2,14
2,8,9,0,1,7,6,6,8
2,8,10,0,6,7,31,1,13
2,8,11,1,1,9,8,8,10
2,8,12,0,7,9,35,2,16
2,8,13,0,2,4,10,2,6
2,8,14,1,3,7,19,4,10
2,8,15,1,3,6,18,3,9
2,8,16,1,4,8,25,4,12
2,8,17,1,4,9,26,5,13
2,8,18,1,2,6,12,4,8
2,8,19,1,5,8,29,3,13
2,8,20,1,2,8,14,6,10
2,8,21,0,1,4,3,3,5
2,8,22,1,3,8,20,5,11
2,8,23,1,4,7,24,3,11
2,8,24,1,4,6,23,2,10
2,8,25,0,1,3,2,2,4
2,8,26,0,1,8,7,7,9
2,8,27,1,5,9,30,4,14
2,8,28,0,2,3,9,1,5
2,8,29,0,1,5,4,4,6
2,8,30,1,3,4,16,1,7
2,8,31,1,7,8,34,1,15
2,8,32,1,1,2,1,1,3
2,8,33,1,8,9,36,1,17
2,8,34,1,3,5,17,2,8
2,8,35,1,5,7,28,2,12
2,8,36,0,6,9,33,3,15
2,8,37,0,4,5,22,1,9
2,8,38,1,1,6,5,5,7
2,8,39,1,8,9,36,1,17
2,8,40,1,1,2,1,1,3
2,8,41,1,1,9,8,8,10
2,8,42,1,3,4,16,1,7
2,8,43,1,7,8,34,1,15
2,8,44,1,5,9,30,4,14
2,8,45,1,3,6,18,3,9
2,8,46,1,3,8,20,5,11
2,8,47,0,6,7,31,1,13
2,8,48,1,3,7,19,4,10
2,8,49,1,3,5,17,2,8
2,8,50,1,7,9,35,2,16
2,8,51,0,2,3,9,1,5
2,8,52,1,4,7,24,3,11
2,8,53,0,2,7,13,5,9
2,8,54,0,2,5,11,3,7
2,8,55,1,4,8,25,4,12
2,8,56,1,1,8,7,7,9
2,8,57,1,1,7,6,6,8
2,8,58,0,2,8,14,6,10
2,8,59,1,3,9,21,6,12
2,8,60,0,1,3,2,2,4
2,8,61,1,6,8,32,2,14
2,8,62,0,5,6,27,1,11
2,8,63,1,6,9,33,3,15
2,8,64,0,2,6,12,4,8
2,8,65,1,1,5,4,4,6
2,8,66,1,5,7,28,2,12
2,8,67,0,2,4,10,2,6
2,8,68,1,5,8,29,3,13
2,8,69,1,1,4,3,3,5
2,8,70,0,2,9,15,7,11
2,8,71,1,4,9,26,5,13
2,8,72,1,4,6,23,2,10
2,8,73,1,1,8,7,7,9
2,8,74,0,2,4,10,2,6
2,8,75,1,5,7,28,2,12
2,8,76,1,4,8,25,4,12
2,8,77,1,6,8,32,2,14
2,8,78,1,5,6,27,1,11
2,8,79,0,4,5,22,1,9
2,8,80,1,1,6,5,5,7
2,8,81,1,5,8,29,3,13
2,8,82,0,1,5,4,4,6
2,8,83,1,3,8,20,5,11
2,8,84,0,1,3,2,2,4
2,8,85,1,4,9,26,5,13
2,8,86,0,2,8,14,6,10
2,8,87,0,4,7,24,3,11
2,8,88,1,6,9,33,3,15
2,8,89,1,3,5,17,2,8
2,8,90,1,3,9,21,6,12
2,8,91,1,2,7,13,5,9
2,8,92,1,1,9,8,8,10
2,8,93,1,3,4,16,1,7
2,8,94,1,4,6,23,2,10
2,8,95,1,1,7,6,6,8
2,8,96,0,7,8,34,1,15
2,8,97,0,8,9,36,1,17
2,8,98,0,2,3,9,1,5
2,8,99,0,2,5,11,3,7
2,8,100,1,1,2,1,1,3
2,8,101,1,6,7,31,1,13
2,8,102,1,5,9,30,4,14
2,8,103,1,1,4,3,3,5
2,8,104,1,3,7,19,4,10
2,8,105,1,3,6,18,3,9
2,8,106,0,2,6,12,4,8
2,8,107,1,2,9,15,7,11
2,8,108,0,7,9,35,2,16
2,8,109,1,8,9,36,1,17
2,8,110,1,1,4,3,3,5
2,8,111,1,4,5,22,1,9
2,8,112,1,3,4,16,1,7
2,8,113,1,7,8,34,1,15
2,8,114,1,3,7,19,4,10
2,8,115,1,1,7,6,6,8
2,8,116,0,2,4,10,2,6
2,8,117,1,4,9,26,5,13
2,8,118,1,3,8,20,5,11
2,8,119,1,3,5,17,2,8
2,8,120,1,1,5,4,4,6
2,8,121,1,4,8,25,4,12
2,8,122,0,5,6,27,1,11
2,8,123,1,7,9,35,2,16
2,8,124,1,6,7,31,1,13
2,8,125,0,2,7,13,5,9
2,8,126,1,5,8,29,3,13
2,8,127,0,2,8,14,6,10
2,8,128,1,4,7,24,3,11
2,8,129,1,1,8,7,7,9
2,8,130,1,6,9,33,3,15
2,8,131,0,2,5,11,3,7
2,8,132,0,2,6,12,4,8
2,8,133,1,4,6,23,2,10
2,8,134,1,3,6,18,3,9
2,8,135,1,1,2,1,1,3
2,8,136,1,6,8,32,2,14
2,8,137,1,2,9,15,7,11
2,8,138,1,5,7,28,2,12
2,8,139,0,1,3,2,2,4
2,8,140,0,2,3,9,1,5
2,8,141,1,3,9,21,6,12
2,8,142,1,1,9,8,8,10
2,8,143,1,1,6,5,5,7
2,8,144,1,5,9,30,4,14
2,9,1,0,1,6,5,5,7
2,9,2,0,5,9,30,4,14
2,9,3,1,4,7,24,3,11
2,9,4,1,6,9,33,3,15
2,9,5,1,4,5,22,1,9
2,9,6,0,4,6,23,2,10
2,9,7,0,2,3,9,1,5
2,9,8,0,5,7,28,2,12
2,9,9,0,1,3,2,2,4
2,9,10,0,2,7,13,5,9
2,9,11,0,5,6,27,1,11
2,9,12,0,6,8,32,2,14
2,9,13,0,1,8,7,7,9
2,9,14,0,6,7,31,1,13
2,9,15,1,2,6,12,4,8
2,9,16,0,2,4,10,2,6
2,9,17,0,1,2,1,1,3
2,9,18,0,3,7,19,4,10
2,9,19,0,3,6,18,3,9
2,9,20,0,1,4,3,3,5
2,9,21,0,5,8,29,3,13
2,9,22,0,2,8,14,6,10
2,9,23,0,1,5,4,4,6
2,9,24,1,7,8,34,1,15
2,9,25,1,7,9,35,2,16
2,9,26,1,4,9,26,5,13
2,9,27,0,3,5,17,2,8
2,9,28,1,4,8,25,4,12
2,9,29,0,2,9,15,7,11
2,9,30,1,3,8,20,5,11
2,9,31,0,8,9,36,1,17
2,9,32,0,2,5,11,3,7
2,9,33,0,3,4,16,1,7
2,9,34,0,3,9,21,6,12
2,9,35,0,1,9,8,8,10
2,9,36,0,1,7,6,6,8
2,9,37,1,1,2,1,1,3
2,9,38,1,4,5,22,1,9
2,9,39,1,5,6,27,1,11
2,9,40,1,5,8,29,3,13
2,9,41,1,4,6,23,2,10
2,9,42,1,4,8,25,4,12
2,9,43,1,7,9,35,2,16
2,9,44,0,2,7,13,5,9
2,9,45,0,1,8,7,7,9
2,9,46,0,3,6,18,3,9
2,9,47,0,7,8,34,1,15
2,9,48,0,2,6,12,4,8
2,9,49,0,2,5,11,3,7
2,9,50,1,8,9,36,1,17
2,9,51,0,3,9,21,6,12
2,9,52,0,1,9,8,8,10
2,9,53,0,3,8,20,5,11
2,9,54,0,1,7,6,6,8
2,9,55,1,1,5,4,4,6
2,9,56,0,3,4,16,1,7
2,9,57,0,1,6,5,5,7
2,9,58,0,5,7,28,2,12
2,9,59,0,2,3,9,1,5
2,9,60,0,3,5,17,2,8
2,9,61,0,2,8,14,6,10
2,9,62,1,2,4,10,2,6
2,9,63,1,1,4,3,3,5
2,9,64,0,4,7,24,3,11
2,9,65,1,2,9,15,7,11
2,9,66,0,3,7,19,4,10
2,9,67,1,6,7,31,1,13
2,9,68,1,6,9,33,3,15
2,9,69,0,5,9,30,4,14
2,9,70,1,6,8,32,2,14
2,9,71,1,1,3,2,2,4
2,9,72,0,4,9,26,5,13
2,9,73,1,7,9,35,2,16
2,9,74,0,1,5,4,4,6
2,9,75,0,3,9,21,6,12
2,9,76,0,2,3,9,1,5
2,9,77,0,1,7,6,6,8
2,9,78,0,5,8,29,3,13
2,9,79,0,1,6,5,5,7
2,9,80,1,6,8,32,2,14
2,9,81,1,1,2,1,1,3
2,9,82,1,5,9,30,4,14
2,9,83,0,2,5,11,3,7
2,9,84,1,4,9,26,5,13
2,9,85,1,1,3,2,2,4
2,9,86,1,7,8,34,1,15
2,9,87,1,8,9,36,1,17
2,9,88,1,6,9,33,3,15
2,9,89,0,1,8,7,7,9
2,9,90,0,1,9,8,8,10
2,9,91,0,2,6,12,4,8
2,9,92,0,3,7,19,4,10
2,9,93,1,4,8,25,4,12
2,9,94,0,3,4,16,1,7
2,9,95,0,4,7,24,3,11
2,9,96,0,1,4,3,3,5
2,9,97,0,3,8,20,5,11
2,9,98,0,2,7,13,5,9
2,9,99,0,4,5,22,1,9
2,9,100,0,5,6,27,1,11
2,9,101,1,5,7,28,2,12
2,9,102,0,3,6,18,3,9
2,9,103,0,2,8,14,6,10
2,9,104,0,2,9,15,7,11
2,9,105,1,6,7,31,1,13
2,9,106,0,2,4,10,2,6
2,9,107,0,4,6,23,2,10
2,9,108,0,3,5,17,2,8
2,9,109,0,8,9,36,1,17
2,9,110,0,1,9,8,8,10
2,9,111,1,1,2,1,1,3
2,9,112,0,2,7,13,5,9
2,9,113,1,1,5,4,4,6
2,9,114,0,4,6,23,2,10
2,9,115,0,2,3,9,1,5
2,9,116,0,5,7,28,2,12
2,9,117,1,5,8,29,3,13
2,9,118,0,3,8,20,5,11
2,9,119,0,2,4,10,2,6
2,9,120,1,4,8,25,4,12
2,9,121,0,5,6,27,1,11
2,9,122,0,3,7,19,4,10
2,9,123,0,5,9,30,4,14
2,9,124,0,2,6,12,4,8
2,9,125,1,7,9,35,2,16
2,9,126,1,4,5,22,1,9
2,9,127,0,2,5,11,3,7
2,9,128,0,2,9,15,7,11
2,9,129,0,1,7,6,6,8
2,9,130,0,4,7,24,3,11
2,9,131,0,3,5,17,2,8
2,9,132,0,4,9,26,5,13
2,9,133,0,3,4,16,1,7
2,9,134,1,1,8,7,7,9
2,9,135,1,6,9,33,3,15
2,9,136,0,6,8,32,2,14
2,9,137,1,6,7,31,1,13
2,9,138,0,2,8,14,6,10
2,9,139,1,1,3,2,2,4
2,9,140,1,7,8,34,1,15
2,9,141,1,1,6,5,5,7
2,9,142,0,3,9,21,6,12
2,9,143,1,1,4,3,3,5
2,9,144,0,3,6,18,3,9
2,10,1,1,2,5,11,3,7
2,10,2,1,1,3,2,2,4
2,10,3,1,5,6,27,1,11
2,10,4,1,2,7,13,5,9
2,10,5,0,3,6,18,3,9
2,10,6,1,5,8,29,3,13
2,10,7,1,5,7,28,2,12
2,10,8,1,1,6,5,5,7
2,10,9,1,1,9,8,8,10
2,10,10,1,4,8,25,4,12
2,10,11,1,4,9,26,5,13
2,10,12,1,4,7,24,3,11
2,10,13,1,2,6,12,4,8
2,10,14,0,1,5,4,4,6
2,10,15,1,2,9,15,7,11
2,10,16,1,8,9,36,1,17
2,10,17,0,6,9,33,3,15
2,10,18,1,5,9,30,4,14
2,10,19,0,4,5,22,1,9
2,10,20,1,2,3,9,1,5
2,10,21,0,3,5,17,2,8
2,10,22,0,3,8,20,5,11
2,10,23,0,2,4,10,2,6
2,10,24,0,3,7,19,4,10
2,10,25,1,1,4,3,3,5
2,10,26,0,6,8,32,2,14
2,10,27,1,1,7,6,6,8
2,10,28,1,6,7,31,1,13
2,10,29,1,1,2,1,1,3
2,10,30,0,4,6,23,2,10
2,10,31,0,3,4,16,1,7
2,10,32,0,7,9,35,2,16
2,10,33,0,3,9,21,6,12
2,10,34,1,2,8,14,6,10
2,10,35,1,1,8,7,7,9
2,10,36,0,7,8,34,1,15
2,10,37,1,1,6,5,5,7
2,10,38,0,2,6,12,4,8
2,10,39,0,3,4,16,1,7
2,10,40,1,1,2,1,1,3
2,10,41,0,3,6,18,3,9
2,10,42,1,4,9,26,5,13
2,10,43,0,3,5,17,2,8
2,10,44,1,4,8,25,4,12
2,10,45,1,6,9,33,3,15
2,10,46,1,6,7,31,1,13
2,10,47,1,1,5,4,4,6
2,10,48,0,7,9,35,2,16
2,10,49,0,4,6,23,2,10
2,10,50,1,2,7,13,5,9
2,10,51,1,1,9,8,8,10
2,10,52,1,1,7,6,6,8
2,10,53,1,2,3,9,1,5
2,10,54,1,1,4,3,3,5
2,10,55,1,2,9,15,7,11
2,10,56,1,5,8,29,3,13
2,10,57,1,2,5,11,3,7
2,10,58,0,4,5,22,1,9
2,10,59,1,5,6,27,1,11
2,10,60,1,1,3,2,2,4
2,10,61,1,5,9,30,4,14
2,10,62,0,3,8,20,5,11
2,10,63,0,8,9,36,1,17
2,10,64,0,4,7,24,3,11
2,10,65,1,6,8,32,2,14
2,10,66,0,3,9,21,6,12
2,10,67,1,5,7,28,2,12
2,10,68,1,2,4,10,2,6
2,10,69,1,1,8,7,7,9
2,10,70,1,2,8,14,6,10
2,10,71,1,7,8,34,1,15
2,10,72,0,3,7,19,4,10
2,10,73,1,4,9,26,5,13
2,10,74,1,1,5,4,4,6
2,10,75,1,2,7,13,5,9
2,10,76,1,2,8,14,6,10
2,10,77,0,3,4,16,1,7
2,10,78,0,4,5,22,1,9
2,10,79,1,1,7,6,6,8
2,10,80,1,2,9,15,7,11
2,10,81,0,3,5,17,2,8
2,10,82,0,3,6,18,3,9
2,10,83,1,1,9,8,8,10
2,10,84,1,2,4,10,2,6
2,10,85,1,1,4,3,3,5
2,10,86,1,4,6,23,2,10
2,10,87,1,1,6,5,5,7
2,10,88,0,3,7,19,4,10
2,10,89,1,5,8,29,3,13
2,10,90,1,2,6,12,4,8
2,10,91,0,3,9,21,6,12
2,10,92,0,7,8,34,1,15
2,10,93,1,4,8,25,4,12
2,10,94,1,4,7,24,3,11
2,10,95,0,7,9,35,2,16
2,10,96,1,6,7,31,1,13
2,10,97,1,5,7,28,2,12
2,10,98,1,1,2,1,1,3
2,10,99,1,5,6,27,1,11
2,10,100,0,3,8,20,5,11
2,10,101,1,2,5,11,3,7
2,10,102,1,8,9,36,1,17
2,10,103,1,1,3,2,2,4
2,10,104,1,2,3,9,1,5
2,10,105,1,5,9,30,4,14
2,10,106,1,1,8,7,7,9
2,10,107,1,6,9,33,3,15
2,10,108,1,6,8,32,2,14
2,10,109,1,2,8,14,6,10
2,10,110,1,2,7,13,5,9
2,10,111,1,4,9,26,5,13
2,10,112,0,3,5,17,2,8
2,10,113,0,3,9,21,6,12
2,10,114,1,1,5,4,4,6
2,10,115,1,5,7,28,2,12
2,10,116,1,4,8,25,4,12
2,10,117,1,5,6,27,1,11
2,10,118,0,8,9,36,1,17
2,10,119,1,6,9,33,3,15
2,10,120,0,3,6,18,3,9
2,10,121,1,2,5,11,3,7
2,10,122,1,6,8,32,2,14
2,10,123,1,1,4,3,3,5
2,10,124,0,7,8,34,1,15
2,10,125,1,6,7,31,1,13
2,10,126,0,3,4,16,1,7
2,10,127,0,4,5,22,1,9
2,10,128,1,1,8,7,7,9
2,10,129,0,4,6,23,2,10
2,10,130,1,1,6,5,5,7
2,10,131,1,2,3,9,1,5
2,10,132,1,3,8,20,5,11
2,10,133,1,5,8,29,3,13
2,10,134,1,2,4,10,2,6
2,10,135,1,4,7,24,3,11
2,10,136,1,1,7,6,6,8
2,10,137,1,1,9,8,8,10
2,10,138,0,7,9,35,2,16
2,10,139,1,5,9,30,4,14
2,10,140,0,1,2,1,1,3
2,10,141,1,1,3,2,2,4
2,10,142,1,2,6,12,4,8
2,10,143,1,2,9,15,7,11
2,10,144,1,3,7,19,4,10
2,11,1,0,4,9,26,5,13
2,11,2,1,3,8,20,5,11
2,11,3,1,4,5,22,1,9
2,11,4,1,5,8,29,3,13
2,11,5,1,3,5,17,2,8
2,11,6,0,1,5,4,4,6
2,11,7,1,2,5,11,3,7
2,11,8,1,2,7,13,5,9
2,11,9,1,7,9,35,2,16
2,11,10,0,5,6,27,1,11
2,11,11,1,2,6,12,4,8
2,11,12,0,1,8,7,7,9
2,11,13,1,2,4,10,2,6
2,11,14,0,1,3,2,2,4
2,11,15,1,1,9,8,8,10
2,11,16,0,7,8,34,1,15
2,11,17,1,8,9,36,1,17
2,11,18,0,5,7,28,2,12
2,11,19,0,6,7,31,1,13
2,11,20,1,1,6,5,5,7
2,11,21,1,6,8,32,2,14
2,11,22,1,4,7,24,3,11
2,11,23,1,3,6,18,3,9
2,11,24,1,4,6,23,2,10
2,11,25,0,5,9,30,4,14
2,11,26,1,6,9,33,3,15
2,11,27,1,3,7,19,4,10
2,11,28,1,4,8,25,4,12
2,11,29,0,2,3,9,1,5
2,11,30,0,3,4,16,1,7
2,11,31,1,1,2,1,1,3
2,11,32,1,2,9,15,7,11
2,11,33,1,1,4,3,3,5
2,11,34,0,2,8,14,6,10
2,11,35,1,3,9,21,6,12
2,11,36,1,1,7,6,6,8
2,11,37,1,2,8,14,6,10
2,11,38,1,6,9,33,3,15
2,11,39,1,4,8,25,4,12
2,11,40,1,6,7,31,1,13
2,11,41,0,2,6,12,4,8
2,11,42,1,3,5,17,2,8
2,11,43,1,3,6,18,3,9
2,11,44,1,3,4,16,1,7
2,11,45,0,2,5,11,3,7
2,11,46,1,1,9,8,8,10
2,11,47,1,7,8,34,1,15
2,11,48,1,3,7,19,4,10
2,11,49,1,4,9,26,5,13
2,11,50,1,1,4,3,3,5
2,11,51,0,5,6,27,1,11
2,11,52,1,8,9,36,1,17
2,11,53,1,1,6,5,5,7
2,11,54,1,1,3,2,2,4
2,11,55,1,2,9,15,7,11
2,11,56,0,5,9,30,4,14
2,11,57,1,1,2,1,1,3
2,11,58,1,1,7,6,6,8
2,11,59,0,2,7,13,5,9
2,11,60,1,4,6,23,2,10
2,11,61,0,5,8,29,3,13
2,11,62,0,2,3,9,1,5
2,11,63,1,6,8,32,2,14
2,11,64,1,3,9,21,6,12
2,11,65,1,1,5,4,4,6
2,11,66,0,5,7,28,2,12
2,11,67,1,4,5,22,1,9
2,11,68,1,1,8,7,7,9
2,11,69,1,3,8,20,5,11
2,11,70,0,7,9,35,2,16
2,11,71,1,4,7,24,3,11
2,11,72,0,2,4,10,2,6
2,11,73,1,6,7,31,1,13
2,11,74,0,5,8,29,3,13
2,11,75,1,5,9,30,4,14
2,11,76,1,2,5,11,3,7
2,11,77,1,3,6,18,3,9
2,11,78,1,6,9,33,3,15
2,11,79,1,2,8,14,6,10
2,11,80,1,4,5,22,1,9
2,11,81,1,1,2,1,1,3
2,11,82,1,2,9,15,7,11
2,11,83,1,1,7,6,6,8
2,11,84,1,5,7,28,2,12
2,11,85,1,4,7,24,3,11
2,11,86,1,2,3,9,1,5
2,11,87,1,3,8,20,5,11
2,11,88,1,1,8,7,7,9
2,11,89,1,3,5,17,2,8
2,11,90,1,1,5,4,4,6
2,11,91,1,4,9,26,5,13
2,11,92,1,1,3,2,2,4
2,11,93,0,2,4,10,2,6
2,11,94,1,3,9,21,6,12
2,11,95,1,5,6,27,1,11
2,11,96,0,7,8,34,1,15
2,11,97,0,8,9,36,1,17
2,11,98,1,4,6,23,2,10
2,11,99,0,7,9,35,2,16
2,11,100,1,6,8,32,2,14
2,11,101,1,1,4,3,3,5
2,11,102,1,1,6,5,5,7
2,11,103,1,1,9,8,8,10
2,11,104,1,4,8,25,4,12
2,11,105,1,2,7,13,5,9
2,11,106,1,3,4,16,1,7
2,11,107,1,2,6,12,4,8
2,11,108,1,3,7,19,4,10
2,11,109,1,5,8,29,3,13
2,11,110,1,2,5,11,3,7
2,11,111,1,3,9,21,6,12
2,11,112,1,2,9,15,7,11
2,11,113,0,8,9,36,1,17
2,11,114,1,4,7,24,3,11
2,11,115,1,3,5,17,2,8
2,11,116,1,2,8,14,6,10
2,11,117,1,2,7,13,5,9
2,11,118,1,1,3,2,2,4
2,11,119,1,2,4,10,2,6
2,11,120,1,1,8,7,7,9
2,11,121,1,7,9,35,2,16
2,11,122,1,4,6,23,2,10
2,11,123,1,5,9,30,4,14
2,11,124,1,4,9,26,5,13
2,11,125,0,2,3,9,1,5
2,11,126,1,3,6,18,3,9
2,11,127,1,3,8,20,5,11
2,11,128,1,3,7,19,4,10
2,11,129,0,1,4,3,3,5
2,11,130,1,1,6,5,5,7
2,11,131,1,7,8,34,1,15
2,11,132,1,6,9,33,3,15
2,11,133,1,5,7,28,2,12
2,11,134,0,3,4,16,1,7
2,11,135,1,6,7,31,1,13
2,11,136,1,4,5,22,1,9
2,11,137,1,1,7,6,6,8
2,11,138,1,4,8,25,4,12
2,11,139,0,5,6,27,1,11
2,11,140,1,2,6,12,4,8
2,11,141,1,6,8,32,2,14
2,11,142,1,1,5,4,4,6
2,11,143,1,1,2,1,1,3
2,11,144,1,1,9,8,8,10
2,12,1,1,7,8,34,1,15
2,12,2,0,5,8,29,3,13
2,12,3,0,2,6,12,4,8
2,12,4,1,1,8,7,7,9
2,12,5,0,2,7,13,5,9
2,12,6,0,3,4,16,1,7
2,12,7,1,2,4,10,2,6
2,12,8,0,5,7,28,2,12
2,12,9,1,1,5,4,4,6
2,12,10,1,1,9,8,8,10
2,12,11,0,3,8,20,5,11
2,12,12,1,1,6,5,5,7
2,12,13,1,2,8,14,6,10
2,12,14,1,1,2,1,1,3
2,12,15,0,4,5,22,1,9
2,12,16,1,3,7,19,4,10
2,12,17,0,3,6,18,3,9
2,12,18,0,4,9,26,5,13
2,12,19,1,7,9,35,2,16
2,12,20,0,3,9,21,6,12
2,12,21,0,6,9,33,3,15
2,12,22,0,4,8,25,4,12
2,12,23,0,5,9,30,4,14
2,12,24,0,4,6,23,2,10
2,12,25,1,6,8,32,2,14
2,12,26,1,1,7,6,6,8
2,12,27,0,3,5,17,2,8
2,12,28,1,1,3,2,2,4
2,12,29,1,8,9,36,1,17
2,12,30,1,1,4,3,3,5
2,12,31,0,5,6,27,1,11
2,12,32,0,4,7,24,3,11
2,12,33,1,2,3,9,1,5
2,12,34,1,6,7,31,1,13
2,12,35,1,2,9,15,7,11
2,12,36,1,2,5,11,3,7
2,12,37,0,4,9,26,5,13
2,12,38,1,1,2,1,1,3
2,12,39,1,2,9,15,7,11
2,12,40,0,6,8,32,2,14
2,12,41,1,3,5,17,2,8
2,12,42,1,2,7,13,5,9
2,12,43,0,4,6,23,2,10
2,12,44,0,5,6,27,1,11
2,12,45,1,1,6,5,5,7
2,12,46,1,5,7,28,2,12
2,12,47,1,1,3,2,2,4
2,12,48,1,3,4,16,1,7
2,12,49,1,1,4,3,3,5
2,12,50,1,2,4,10,2,6
2,12,51,0,4,8,25,4,12
2,12,52,1,3,6,18,3,9
2,12,53,1,1,9,8,8,10
2,12,54,1,1,8,7,7,9
2,12,55,1,3,7,19,4,10
2,12,56,0,4,7,24,3,11
2,12,57,1,1,7,6,6,8
2,12,58,1,2,6,12,4,8
2,12,59,1,8,9,36,1,17
2,12,60,1,7,9,35,2,16
2,12,61,0,5,9,30,4,14
2,12,62,1,2,8,14,6,10
2,12,63,1,3,9,21,6,12
2,12,64,1,5,8,29,3,13
2,12,65,0,6,7,31,1,13
2,12,66,1,6,9,33,3,15
2,12,67,1,1,5,4,4,6
2,12,68,0,2,3,9,1,5
2,12,69,1,2,5,11,3,7
2,12,70,1,3,8,20,5,11
2,12,71,0,7,8,34,1,15
2,12,72,0,4,5,22,1,9
2,12,73,1,5,8,29,3,13
2,12,74,1,2,4,10,2,6
2,12,75,1,2,6,12,4,8
2,12,76,1,1,7,6,6,8
2,12,77,0,4,5,22,1,9
2,12,78,1,5,9,30,4,14
2,12,79,0,5,6,27,1,11
2,12,80,1,4,8,25,4,12
2,12,81,1,3,7,19,4,10
2,12,82,1,4,7,24,3,11
2,12,83,1,1,9,8,8,10
2,12,84,1,2,9,15,7,11
2,12,85,1,1,4,3,3,5
2,12,86,1,3,9,21,6,12
2,12,87,1,4,9,26,5,13
2,12,88,1,1,8,7,7,9
2,12,89,1,3,8,20,5,11
2,12,90,1,6,9,33,3,15
2,12,91,0,7,9,35,2,16
2,12,92,1,3,6,18,3,9
2,12,93,1,3,5,17,2,8
2,12,94,1,1,6,5,5,7
2,12,95,1,1,2,1,1,3
2,12,96,1,2,7,13,5,9
2,12,97,1,2,8,14,6,10
2,12,98,1,8,9,36,1,17
2,12,99,0,6,8,32,2,14
2,12,100,1,1,5,4,4,6
2,12,101,0,6,7,31,1,13
2,12,102,1,1,3,2,2,4
2,12,103,0,2,3,9,1,5
2,12,104,1,2,5,11,3,7
2,12,105,0,7,8,34,1,15
2,12,106,1,3,4,16,1,7
2,12,107,1,4,6,23,2,10
2,12,108,0,5,7,28,2,12
2,12,109,0,7,9,35,2,16
2,12,110,1,1,9,8,8,10
2,12,111,0,7,8,34,1,15
2,12,112,1,1,5,4,4,6
2,12,113,1,1,7,6,6,8
2,12,114,1,6,9,33,3,15
2,12,115,1,3,5,17,2,8
2,12,116,1,2,3,9,1,5
2,12,117,1,2,9,15,7,11
2,12,118,1,5,9,30,4,14
2,12,119,1,8,9,36,1,17
2,12,120,1,5,7,28,2,12
2,12,121,1,3,6,18,3,9
2,12,122,1,2,4,10,2,6
2,12,123,1,1,6,5,5,7
2,12,124,1,3,4,16,1,7
2,12,125,1,4,7,24,3,11
2,12,126,1,2,6,12,4,8
2,12,127,0,6,8,32,2,14
2,12,128,1,2,8,14,6,10
2,12,129,1,2,5,11,3,7
2,12,130,1,3,8,20,5,11
2,12,131,1,4,6,23,2,10
2,12,132,1,1,3,2,2,4
2,12,133,1,4,9,26,5,13
2,12,134,1,1,4,3,3,5
2,12,135,1,4,5,22,1,9
2,12,136,1,2,7,13,5,9
2,12,137,1,6,7,31,1,13
2,12,138,1,1,2,1,1,3
2,12,139,1,3,9,21,6,12
2,12,140,1,5,8,29,3,13
2,12,141,0,5,6,27,1,11
2,12,142,1,1,8,7,7,9
2,12,143,1,3,7,19,4,10
2,12,144,1,4,8,25,4,12
2,13,1,1,1,3,2,2,4
2,13,2,1,8,9,36,1,17
2,13,3,1,1,7,6,6,8
2,13,4,1,5,7,28,2,12
2,13,5,0,1,5,4,4,6
2,13,6,0,3,9,21,6,12
2,13,7,1,2,7,13,5,9
2,13,8,1,1,4,3,3,5
2,13,9,0,6,9,33,3,15
2,13,10,0,4,7,24,3,11
2,13,11,1,1,2,1,1,3
2,13,12,0,7,8,34,1,15
2,13,13,1,3,5,17,2,8
2,13,14,1,1,9,8,8,10
2,13,15,0,7,9,35,2,16
2,13,16,1,1,6,5,5,7
2,13,17,1,2,4,10,2,6
2,13,18,1,3,4,16,1,7
2,13,19,1,6,8,32,2,14
2,13,20,1,3,7,19,4,10
2,13,21,0,2,6,12,4,8
2,13,22,0,4,6,23,2,10
2,13,23,1,5,6,27,1,11
2,13,24,1,2,8,14,6,10
2,13,25,1,2,9,15,7,11
2,13,26,1,2,5,11,3,7
2,13,27,1,1,8,7,7,9
2,13,28,0,5,8,29,3,13
2,13,29,1,3,8,20,5,11
2,13,30,1,6,7,31,1,13
2,13,31,1,3,6,18,3,9
2,13,32,0,4,5,22,1,9
2,13,33,0,4,9,26,5,13
2,13,34,0,2,3,9,1,5
2,13,35,1,4,8,25,4,12
2,13,36,1,5,9,30,4,14
2,13,37,1,1,7,6,6,8
2,13,38,1,2,8,14,6,10
2,13,39,1,7,8,34,1,15
2,13,40,0,4,6,23,2,10
2,13,41,0,6,7,31,1,13
2,13,42,1,1,8,7,7,9
2,13,43,1,5,6,27,1,11
2,13,44,1,5,9,30,4,14
2,13,45,1,3,6,18,3,9
2,13,46,1,4,7,24,3,11
2,13,47,1,5,7,28,2,12
2,13,48,1,2,5,11,3,7
2,13,49,1,6,8,32,2,14
2,13,50,1,3,8,20,5,11
2,13,51,1,2,6,12,4,8
2,13,52,1,4,9,26,5,13
2,13,53,1,2,9,15,7,11
2,13,54,1,3,9,21,6,12
2,13,55,1,1,6,5,5,7
2,13,56,1,5,8,29,3,13
2,13,57,1,1,4,3,3,5
2,13,58,1,3,5,17,2,8
2,13,59,1,2,7,13,5,9
2,13,60,1,1,5,4,4,6
2,13,61,1,8,9,36,1,17
2,13,62,0,1,3,2,2,4
2,13,63,1,1,9,8,8,10
2,13,64,1,2,4,10,2,6
2,13,65,1,3,4,16,1,7
2,13,66,1,3,7,19,4,10
2,13,67,1,6,9,33,3,15
2,13,68,1,4,5,22,1,9
2,13,69,1,4,8,25,4,12
2,13,70,0,7,9,35,2,16
2,13,71,1,2,3,9,1,5
2,13,72,0,1,2,1,1,3
2,13,73,1,3,8,20,5,11
2,13,74,0,5,8,29,3,13
2,13,75,1,5,9,30,4,14
2,13,76,1,4,6,23,2,10
2,13,77,0,2,5,11,3,7
2,13,78,1,4,7,24,3,11
2,13,79,1,2,8,14,6,10
2,13,80,0,7,8,34,1,15
2,13,81,0,3,4,16,1,7
2,13,82,1,1,7,6,6,8
2,13,83,1,3,6,18,3,9
2,13,84,0,2,3,9,1,5
2,13,85,1,1,8,7,7,9
2,13,86,1,1,2,1,1,3
2,13,87,1,3,7,19,4,10
2,13,88,1,4,5,22,1,9
2,13,89,1,6,9,33,3,15
2,13,90,1,1,9,8,8,10
2,13,91,1,4,9,26,5,13
2,13,92,1,1,6,5,5,7
2,13,93,1,6,7,31,1,13
2,13,94,1,1,4,3,3,5
2,13,95,1,1,5,4,4,6
2,13,96,1,3,9,21,6,12
2,13,97,1,2,7,13,5,9
2,13,98,1,4,8,25,4,12
2,13,99,0,8,9,36,1,17
2,13,100,1,6,8,32,2,14
2,13,101,0,2,4,10,2,6
2,13,102,1,3,5,17,2,8
2,13,103,0,1,3,2,2,4
2,13,104,1,2,9,15,7,11
2,13,105,1,7,9,35,2,16
2,13,106,1,2,6,12,4,8
2,13,107,0,5,7,28,2,12
2,13,108,1,5,6,27,1,11
2,13,109,1,2,5,11,3,7
2,13,110,1,5,6,27,1,11
2,13,111,1,6,9,33,3,15
2,13,112,1,1,3,2,2,4
2,13,113,1,1,6,5,5,7
2,13,114,1,4,8,25,4,12
2,13,115,1,4,6,23,2,10
2,13,116,0,3,5,17,2,8
2,13,117,1,2,3,9,1,5
2,13,118,1,4,9,26,5,13
2,13,119,1,3,9,21,6,12
2,13,120,0,7,9,35,2,16
2,13,121,1,3,7,19,4,10
2,13,122,1,6,7,31,1,13
2,13,123,1,2,7,13,5,9
2,13,124,1,4,5,22,1,9
2,13,125,1,7,8,34,1,15
2,13,126,1,1,8,7,7,9
2,13,127,1,1,4,3,3,5
2,13,128,1,2,8,14,6,10
2,13,129,1,2,9,15,7,11
2,13,130,0,5,7,28,2,12
2,13,131,1,3,8,20,5,11
2,13,132,1,4,7,24,3,11
2,13,133,1,3,6,18,3,9
2,13,134,1,1,7,6,6,8
2,13,135,0,1,2,1,1,3
2,13,136,1,1,5,4,4,6
2,13,137,1,6,8,32,2,14
2,13,138,1,3,4,16,1,7
2,13,139,1,5,8,29,3,13
2,13,140,1,5,9,30,4,14
2,13,141,1,2,6,12,4,8
2,13,142,1,1,9,8,8,10
2,13,143,1,2,4,10,2,6
2,13,144,0,8,9,36,1,17
2,14,1,0,5,6,27,1,11
2,14,2,1,7,9,35,2,16
2,14,3,0,1,3,2,2,4
2,14,4,0,2,4,10,2,6
2,14,5,0,2,5,11,3,7
2,14,6,1,4,5,22,1,9
2,14,7,0,5,7,28,2,12
2,14,8,1,4,8,25,4,12
2,14,9,0,3,7,19,4,10
2,14,10,0,5,9,30,4,14
2,14,11,0,1,7,6,6,8
2,14,12,1,4,6,23,2,10
2,14,13,0,1,4,3,3,5
2,14,14,1,6,7,31,1,13
2,14,15,1,2,9,15,7,11
2,14,16,1,4,7,24,3,11
2,14,17,0,5,8,29,3,13
2,14,18,0,1,9,8,8,10
2,14,19,1,6,9,33,3,15
2,14,20,0,2,8,14,6,10
2,14,21,0,3,4,16,1,7
2,14,22,1,7,8,34,1,15
2,14,23,0,1,6,5,5,7
2,14,24,1,6,8,32,2,14
2,14,25,0,3,8,20,5,11
2,14,26,0,2,6,12,4,8
2,14,27,1,4,9,26,5,13
2,14,28,0,3,9,21,6,12
2,14,29,1,2,3,9,1,5
2,14,30,0,1,2,1,1,3
2,14,31,1,1,8,7,7,9
2,14,32,0,2,7,13,5,9
2,14,33,0,3,6,18,3,9
2,14,34,1,8,9,36,1,17
2,14,35,1,1,5,4,4,6
2,14,36,1,3,5,17,2,8
2,14,37,0,2,7,13,5,9
2,14,38,1,4,6,23,2,10
2,14,39,0,2,4,10,2,6
2,14,40,0,1,4,3,3,5
2,14,41,1,4,8,25,4,12
2,14,42,0,5,6,27,1,11
2,14,43,0,6,7,31,1,13
2,14,44,0,3,4,16,1,7
2,14,45,1,3,7,19,4,10
2,14,46,1,2,5,11,3,7
2,14,47,0,1,6,5,5,7
2,14,48,1,2,3,9,1,5
2,14,49,1,2,8,14,6,10
2,14,50,1,4,7,24,3,11
2,14,51,1,3,5,17,2,8
2,14,52,1,5,9,30,4,14
2,14,53,1,3,8,20,5,11
2,14,54,1,1,8,7,7,9
2,14,55,1,8,9,36,1,17
2,14,56,1,3,9,21,6,12
2,14,57,0,6,9,33,3,15
2,14,58,1,4,9,26,5,13
2,14,59,1,2,9,15,7,11
2,14,60,0,7,8,34,1,15
2,14,61,0,5,7,28,2,12
2,14,62,0,1,2,1,1,3
2,14,63,1,1,9,8,8,10
2,14,64,1,3,6,18,3,9
2,14,65,0,1,3,2,2,4
2,14,66,0,5,8,29,3,13
2,14,67,1,1,5,4,4,6
2,14,68,0,6,8,32,2,14
2,14,69,1,4,5,22,1,9
2,14,70,1,2,6,12,4,8
2,14,71,1,1,7,6,6,8
2,14,72,1,7,9,35,2,16
2,14,73,0,1,3,2,2,4
2,14,74,1,3,8,20,5,11
2,14,75,0,2,7,13,5,9
2,14,76,1,2,8,14,6,10
2,14,77,1,7,9,35,2,16
2,14,78,0,1,2,1,1,3
2,14,79,0,5,9,30,4,14
2,14,80,1,2,5,11,3,7
2,14,81,0,3,5,17,2,8
2,14,82,1,1,8,7,7,9
2,14,83,1,8,9,36,1,17
2,14,84,1,1,9,8,8,10
2,14,85,0,5,7,28,2,12
2,14,86,0,2,3,9,1,5
2,14,87,1,3,9,21,6,12
2,14,88,0,2,4,10,2,6
2,14,89,1,6,9,33,3,15
2,14,90,1,2,9,15,7,11
2,14,91,1,1,6,5,5,7
2,14,92,1,4,8,25,4,12
2,14,93,1,4,6,23,2,10
2,14,94,1,1,4,3,3,5
2,14,95,1,1,5,4,4,6
2,14,96,1,4,7,24,3,11
2,14,97,0,2,6,12,4,8
2,14,98,1,6,8,32,2,14
2,14,99,0,5,6,27,1,11
2,14,100,1,4,9,26,5,13
2,14,101,1,4,5,22,1,9
2,14,102,1,6,7,31,1,13
2,14,103,1,1,7,6,6,8
2,14,104,0,3,4,16,1,7
2,14,105,0,5,8,29,3,13
2,14,106,1,3,6,18,3,9
2,14,107,1,3,7,19,4,10
2,14,108,1,7,8,34,1,15
2,14,109,1,7,8,34,1,15
2,14,110,1,1,9,8,8,10
2,14,111,0,5,8,29,3,13
2,14,112,0,5,9,30,4,14
2,14,113,1,1,3,2,2,4
2,14,114,1,1,7,6,6,8
2,14,115,1,4,9,26,5,13
2,14,116,1,3,8,20,5,11
2,14,117,1,7,9,35,2,16
2,14,118,1,1,2,1,1,3
2,14,119,1,2,5,11,3,7
2,14,120,1,3,9,21,6,12
2,14,121,1,4,5,22,1,9
2,14,122,1,2,3,9,1,5
2,14,123,0,3,7,19,4,10
2,14,124,1,2,9,15,7,11
2,14,125,1,1,5,4,4,6
2,14,126,1,6,8,32,2,14
2,14,127,1,1,6,5,5,7
2,14,128,1,2,8,14,6,10
2,14,129,1,2,6,12,4,8
2,14,130,1,2,7,13,5,9
2,14,131,1,4,6,23,2,10
2,14,132,0,1,4,3,3,5
2,14,133,0,3,4,16,1,7
2,14,134,1,8,9,36,1,17
2,14,135,1,4,7,24,3,11
2,14,136,0,5,7,28,2,12
2,14,137,1,6,9,33,3,15
2,14,138,1,3,5,17,2,8
2,14,139,1,3,6,18,3,9
2,14,140,1,1,8,7,7,9
2,14,141,0,5,6,27,1,11
2,14,142,1,2,4,10,2,6
2,14,143,0,6,7,31,1,13
2,14,144,1,4,8,25,4,12
2,15,1,1,4,8,25,4,12
2,15,2,0,8,9,36,1,17
2,15,3,1,4,5,22,1,9
2,15,4,1,5,6,27,1,11
2,15,5,1,4,7,24,3,11
2,15,6,1,2,5,11,3,7
2,15,7,1,7,9,35,2,16
2,15,8,0,5,7,28,2,12
2,15,9,0,1,3,2,2,4
2,15,10,0,2,4,10,2,6
2,15,11,1,7,8,34,1,15
2,15,12,1,2,6,12,4,8
2,15,13,0,3,4,16,1,7
2,15,14,0,1,5,4,4,6
2,15,15,1,1,9,8,8,10
2,15,16,0,6,9,33,3,15
2,15,17,1,2,9,15,7,11
2,15,18,1,3,5,17,2,8
2,15,19,1,6,8,32,2,14
2,15,20,0,1,6,5,5,7
2,15,21,0,1,4,3,3,5
2,15,22,1,2,8,14,6,10
2,15,23,1,3,7,19,4,10
2,15,24,1,4,6,23,2,10
2,15,25,1,5,9,30,4,14
2,15,26,1,2,3,9,1,5
2,15,27,1,3,8,20,5,11
2,15,28,1,3,6,18,3,9
2,15,29,1,1,2,1,1,3
2,15,30,1,3,9,21,6,12
2,15,31,1,6,7,31,1,13
2,15,32,1,1,7,6,6,8
2,15,33,0,5,8,29,3,13
2,15,34,0,4,9,26,5,13
2,15,35,1,1,8,7,7,9
2,15,36,1,2,7,13,5,9
2,15,37,0,5,7,28,2,12
2,15,38,1,1,9,8,8,10
2,15,39,1,1,7,6,6,8
2,15,40,1,1,8,7,7,9
2,15,41,1,6,9,33,3,15
2,15,42,0,3,6,18,3,9
2,15,43,0,8,9,36,1,17
2,15,44,1,3,8,20,5,11
2,15,45,1,1,5,4,4,6
2,15,46,1,4,9,26,5,13
2,15,47,1,3,7,19,4,10
2,15,48,1,4,8,25,4,12
2,15,49,1,3,4,16,1,7
2,15,50,1,4,6,23,2,10
2,15,51,1,4,5,22,1,9
2,15,52,0,2,4,10,2,6
2,15,53,1,3,5,17,2,8
2,15,54,1,4,7,24,3,11
2,15,55,1,1,4,3,3,5
2,15,56,1,2,5,11,3,7
2,15,57,1,6,7,31,1,13
2,15,58,0,5,6,27,1,11
2,15,59,1,1,6,5,5,7
2,15,60,0,7,9,35,2,16
2,15,61,0,2,3,9,1,5
2,15,62,1,5,8,29,3,13
2,15,63,1,2,9,15,7,11
2,15,64,1,3,9,21,6,12
2,15,65,0,7,8,34,1,15
2,15,66,1,5,9,30,4,14
2,15,67,1,2,8,14,6,10
2,15,68,0,6,8,32,2,14
2,15,69,1,1,2,1,1,3
2,15,70,1,2,7,13,5,9
2,15,71,1,1,3,2,2,4
2,15,72,1,2,6,12,4,8
2,15,73,1,1,3,2,2,4
2,15,74,1,4,7,24,3,11
2,15,75,1,7,8,34,1,15
2,15,76,1,1,9,8,8,10
2,15,77,1,1,2,1,1,3
2,15,78,1,3,6,18,3,9
2,15,79,1,2,8,14,6,10
2,15,80,1,2,6,12,4,8
2,15,81,1,3,9,21,6,12
2,15,82,1,1,8,7,7,9
2,15,83,1,4,8,25,4,12
2,15,84,1,3,8,20,5,11
2,15,85,1,8,9,36,1,17
2,15,86,0,5,8,29,3,13
2,15,87,1,6,7,31,1,13
2,15,88,1,4,5,22,1,9
2,15,89,0,3,4,16,1,7
2,15,90,1,4,6,23,2,10
2,15,91,1,1,7,6,6,8
2,15,92,1,4,9,26,5,13
2,15,93,1,1,6,5,5,7
2,15,94,1,6,9,33,3,15
2,15,95,1,5,9,30,4,14
2,15,96,1,5,6,27,1,11
2,15,97,1,7,9,35,2,16
2,15,98,1,5,7,28,2,12
2,15,99,1,3,7,19,4,10
2,15,100,1,3,5,17,2,8
2,15,101,1,2,9,15,7,11
2,15,102,1,6,8,32,2,14
2,15,103,1,2,5,11,3,7
2,15,104,1,2,3,9,1,5
2,15,105,1,2,7,13,5,9
2,15,106,1,1,4,3,3,5
2,15,107,1,1,5,4,4,6
2,15,108,0,2,4,10,2,6
2,15,109,1,5,6,27,1,11
2,15,110,1,1,6,5,5,7
2,15,111,1,1,4,3,3,5
2,15,112,1,4,9,26,5,13
2,15,113,1,4,5,22,1,9
2,15,114,1,1,5,4,4,6
2,15,115,1,3,4,16,1,7
2,15,116,1,8,9,36,1,17
2,15,117,1,4,7,24,3,11
2,15,118,1,2,6,12,4,8
2,15,119,1,1,2,1,1,3
2,15,120,1,2,9,15,7,11
2,15,121,1,7,9,35,2,16
2,15,122,1,5,7,28,2,12
2,15,123,0,2,5,11,3,7
2,15,124,1,3,6,18,3,9
2,15,125,0,6,7,31,1,13
2,15,126,0,2,3,9,1,5
2,15,127,0,2,4,10,2,6
2,15,128,1,7,8,34,1,15
2,15,129,1,6,8,32,2,14
2,15,130,1,1,9,8,8,10
2,15,131,0,4,6,23,2,10
2,15,132,1,3,9,21,6,12
2,15,133,1,1,8,7,7,9
2,15,134,1,5,9,30,4,14
2,15,135,1,2,8,14,6,10
2,15,136,1,5,8,29,3,13
2,15,137,1,1,3,2,2,4
2,15,138,1,4,8,25,4,12
2,15,139,1,3,5,17,2,8
2,15,140,1,6,9,33,3,15
2,15,141,1,1,7,6,6,8
2,15,142,1,3,7,19,4,10
2,15,143,1,2,7,13,5,9
2,15,144,1,3,8,20,5,11
2,16,1,0,5,9,30,4,14
2,16,2,1,7,9,35,2,16
2,16,3,0,4,6,23,2,10
2,16,4,0,1,4,3,3,5
2,16,5,1,7,8,34,1,15
2,16,6,1,8,9,36,1,17
2,16,7,1,3,5,17,2,8
2,16,8,0,5,7,28,2,12
2,16,9,0,4,7,24,3,11
2,16,10,0,1,9,8,8,10
2,16,11,1,2,5,11,3,7
2,16,12,1,5,6,27,1,11
2,16,13,1,2,3,9,1,5
2,16,14,0,3,6,18,3,9
2,16,15,0,1,7,6,6,8
2,16,16,0,6,8,32,2,14
2,16,17,1,5,8,29,3,13
2,16,18,1,2,4,10,2,6
2,16,19,1,6,9,33,3,15
2,16,20,0,1,2,1,1,3
2,16,21,1,3,4,16,1,7
2,16,22,1,1,8,7,7,9
2,16,23,0,2,6,12,4,8
2,16,24,1,3,9,21,6,12
2,16,25,1,2,9,15,7,11
2,16,26,1,2,8,14,6,10
2,16,27,1,1,6,5,5,7
2,16,28,1,2,7,13,5,9
2,16,29,1,3,7,19,4,10
2,16,30,0,4,8,25,4,12
2,16,31,0,1,3,2,2,4
2,16,32,0,4,5,22,1,9
2,16,33,0,4,9,26,5,13
2,16,34,1,6,7,31,1,13
2,16,35,1,3,8,20,5,11
2,16,36,1,1,5,4,4,6
2,16,37,1,2,9,15,7,11
2,16,38,1,8,9,36,1,17
2,16,39,1,2,7,13,5,9
2,16,40,0,1,2,1,1,3
2,16,41,0,5,8,29,3,13
2,16,42,0,2,3,9,1,5
2,16,43,1,4,9,26,5,13
2,16,44,0,5,6,27,1,11
2,16,45,1,2,8,14,6,10
2,16,46,0,3,6,18,3,9
2,16,47,1,2,6,12,4,8
2,16,48,0,6,7,31,1,13
2,16,49,0,7,9,35,2,16
2,16,50,0,3,5,17,2,8
2,16,51,0,6,8,32,2,14
2,16,52,0,3,4,16,1,7
2,16,53,1,1,6,5,5,7
2,16,54,0,4,5,22,1,9
2,16,55,0,4,7,24,3,11
2,16,56,1,1,9,8,8,10
2,16,57,0,4,8,25,4,12
2,16,58,1,1,7,6,6,8
2,16,59,1,3,7,19,4,10
2,16,60,1,3,9,21,6,12
2,16,61,1,6,9,33,3,15
2,16,62,0,7,8,34,1,15
2,16,63,1,1,8,7,7,9
2,16,64,1,1,5,4,4,6
2,16,65,1,2,4,10,2,6
2,16,66,1,1,3,2,2,4
2,16,67,1,5,7,28,2,12
2,16,68,1,3,8,20,5,11
2,16,69,0,4,6,23,2,10
2,16,70,1,5,9,30,4,14
2,16,71,1,1,4,3,3,5
2,16,72,1,2,5,11,3,7
2,16,73,1,3,8,20,5,11
2,16,74,1,6,8,32,2,14
2,16,75,1,3,6,18,3,9
2,16,76,1,5,8,29,3,13
2,16,77,0,4,6,23,2,10
2,16,78,1,8,9,36,1,17
2,16,79,1,1,8,7,7,9
2,16,80,1,5,7,28,2,12
2,16,81,0,4,9,26,5,13
2,16,82,1,1,9,8,8,10
2,16,83,1,2,5,11,3,7
2,16,84,1,2,9,15,7,11
2,16,85,1,5,9,30,4,14
2,16,86,1,3,9,21,6,12
2,16,87,1,1,5,4,4,6
2,16,88,1,2,6,12,4,8
2,16,89,1,6,7,31,1,13
2,16,90,1,2,4,10,2,6
2,16,91,1,4,7,24,3,11
2,16,92,1,3,7,19,4,10
2,16,93,1,3,4,16,1,7
2,16,94,1,1,4,3,3,5
2,16,95,1,2,8,14,6,10
2,16,96,1,1,6,5,5,7
2,16,97,1,5,6,27,1,11
2,16,98,1,3,5,17,2,8
2,16,99,0,4,8,25,4,12
2,16,100,1,1,2,1,1,3
2,16,101,0,7,9,35,2,16
2,16,102,0,4,5,22,1,9
2,16,103,0,7,8,34,1,15
2,16,104,1,6,9,33,3,15
2,16,105,1,2,7,13,5,9
2,16,106,0,2,3,9,1,5
2,16,107,1,1,7,6,6,8
2,16,108,1,1,3,2,2,4
2,16,109,1,6,9,33,3,15
2,16,110,0,4,6,23,2,10
2,16,111,1,1,6,5,5,7
2,16,112,0,4,7,24,3,11
2,16,113,1,5,7,28,2,12
2,16,114,1,2,3,9,1,5
2,16,115,1,7,8,34,1,15
2,16,116,1,1,9,8,8,10
2,16,117,1,3,9,21,6,12
2,16,118,1,6,8,32,2,14
2,16,119,1,4,9,26,5,13
2,16,120,0,5,6,27,1,11
2,16,121,1,5,8,29,3,13
2,16,122,0,2,4,10,2,6
2,16,123,1,3,7,19,4,10
2,16,124,1,3,5,17,2,8
2,16,125,1,7,9,35,2,16
2,16,126,0,6,7,31,1,13
2,16,127,1,2,8,14,6,10
2,16,128,1,2,6,12,4,8
2,16,129,1,3,8,20,5,11
2,16,130,0,4,5,22,1,9
2,16,131,1,8,9,36,1,17
2,16,132,1,1,4,3,3,5
2,16,133,1,5,9,30,4,14
2,16,134,1,1,8,7,7,9
2,16,135,1,3,4,16,1,7
2,16,136,0,4,8,25,4,12
2,16,137,1,1,7,6,6,8
2,16,138,0,2,5,11,3,7
2,16,139,1,3,6,18,3,9
2,16,140,1,1,5,4,4,6
2,16,141,1,1,2,1,1,3
2,16,142,1,1,3,2,2,4
2,16,143,1,2,7,13,5,9
2,16,144,1,2,9,15,7,11
2,17,1,0,3,6,18,3,9
2,17,2,0,8,9,36,1,17
2,17,3,1,5,8,29,3,13
2,17,4,0,1,8,7,7,9
2,17,5,1,4,6,23,2,10
2,17,6,0,1,9,8,8,10
2,17,7,0,2,6,12,4,8
2,17,8,0,3,7,19,4,10
2,17,9,1,1,6,5,5,7
2,17,10,1,3,9,21,6,12
2,17,11,1,3,8,20,5,11
2,17,12,1,1,5,4,4,6
2,17,13,0,7,8,34,1,15
2,17,14,1,7,9,35,2,16
2,17,15,1,5,6,27,1,11
2,17,16,0,2,7,13,5,9
2,17,17,0,6,8,32,2,14
2,17,18,1,1,2,1,1,3
2,17,19,0,2,4,10,2,6
2,17,20,0,6,7,31,1,13
2,17,21,0,6,9,33,3,15
2,17,22,1,1,3,2,2,4
2,17,23,0,4,7,24,3,11
2,17,24,1,3,4,16,1,7
2,17,25,0,4,5,22,1,9
2,17,26,1,4,8,25,4,12
2,17,27,1,3,5,17,2,8
2,17,28,1,5,7,28,2,12
2,17,29,1,2,8,14,6,10
2,17,30,1,1,4,3,3,5
2,17,31,1,1,7,6,6,8
2,17,32,1,2,9,15,7,11
2,17,33,0,2,5,11,3,7
2,17,34,1,4,9,26,5,13
2,17,35,1,5,9,30,4,14
2,17,36,1,2,3,9,1,5
2,17,37,1,1,9,8,8,10
2,17,38,0,8,9,36,1,17
2,17,39,1,3,6,18,3,9
2,17,40,1,1,8,7,7,9
2,17,41,1,4,9,26,5,13
2,17,42,1,1,4,3,3,5
2,17,43,1,4,5,22,1,9
2,17,44,1,3,9,21,6,12
2,17,45,1,2,5,11,3,7
2,17,46,1,2,3,9,1,5
2,17,47,1,2,9,15,7,11
2,17,48,1,7,8,34,1,15
2,17,49,1,7,9,35,2,16
2,17,50,1,5,9,30,4,14
2,17,51,1,3,7,19,4,10
2,17,52,1,5,6,27,1,11
2,17,53,0,6,9,33,3,15
2,17,54,0,6,7,31,1,13
2,17,55,1,5,8,29,3,13
2,17,56,1,6,8,32,2,14
2,17,57,1,1,2,1,1,3
2,17,58,1,1,7,6,6,8
2,17,59,1,1,3,2,2,4
2,17,60,1,5,7,28,2,12
2,17,61,1,2,7,13,5,9
2,17,62,1,2,4,10,2,6
2,17,63,1,4,8,25,4,12
2,17,64,1,2,6,12,4,8
2,17,65,1,2,8,14,6,10
2,17,66,1,4,7,24,3,11
2,17,67,1,4,6,23,2,10
2,17,68,1,1,6,5,5,7
2,17,69,0,3,5,17,2,8
2,17,70,1,3,8,20,5,11
2,17,71,0,3,4,16,1,7
2,17,72,1,1,5,4,4,6
2,17,73,1,1,7,6,6,8
2,17,74,1,5,9,30,4,14
2,17,75,1,1,6,5,5,7
2,17,76,1,4,7,24,3,11
2,17,77,1,1,8,7,7,9
2,17,78,0,6,8,32,2,14
2,17,79,1,7,9,35,2,16
2,17,80,1,5,7,28,2,12
2,17,81,1,2,9,15,7,11
2,17,82,1,3,8,20,5,11
2,17,83,1,2,7,13,5,9
2,17,84,1,1,5,4,4,6
2,17,85,0,6,9,33,3,15
2,17,86,1,7,8,34,1,15
2,17,87,1,4,9,26,5,13
2,17,88,0,2,3,9,1,5
2,17,89,0,6,7,31,1,13
2,17,90,1,2,4,10,2,6
2,17,91,1,2,8,14,6,10
2,17,92,0,1,2,1,1,3
2,17,93,1,3,4,16,1,7
2,17,94,1,3,5,17,2,8
2,17,95,1,8,9,36,1,17
2,17,96,1,4,8,25,4,12
2,17,97,1,1,3,2,2,4
2,17,98,1,3,7,19,4,10
2,17,99,1,2,5,11,3,7
2,17,100,1,1,9,8,8,10
2,17,101,1,2,6,12,4,8
2,17,102,1,5,6,27,1,11
2,17,103,1,1,4,3,3,5
2,17,104,1,4,6,23,2,10
2,17,105,1,3,9,21,6,12
2,17,106,1,3,6,18,3,9
2,17,107,1,5,8,29,3,13
2,17,108,0,4,5,22,1,9
2,17,109,1,1,9,8,8,10
2,17,110,0,1,2,1,1,3
2,17,111,1,7,9,35,2,16
2,17,112,1,1,8,7,7,9
2,17,113,0,4,7,24,3,11
2,17,114,1,2,8,14,6,10
2,17,115,0,2,3,9,1,5
2,17,116,1,4,9,26,5,13
2,17,117,1,3,9,21,6,12
2,17,118,1,4,6,23,2,10
2,17,119,0,6,7,31,1,13
2,17,120,1,2,9,15,7,11
2,17,121,1,5,9,30,4,14
2,17,122,1,3,8,20,5,11
2,17,123,1,1,5,4,4,6
2,17,124,0,7,8,34,1,15
2,17,125,0,6,8,32,2,14
2,17,126,1,2,6,12,4,8
2,17,127,1,1,7,6,6,8
2,17,128,1,2,7,13,5,9
2,17,129,1,4,8,25,4,12
2,17,130,1,2,4,10,2,6
2,17,131,0,4,5,22,1,9
2,17,132,0,6,9,33,3,15
2,17,133,1,2,5,11,3,7
2,17,134,0,1,3,2,2,4
2,17,135,1,5,8,29,3,13
2,17,136,1,3,6,18,3,9
2,17,137,1,1,6,5,5,7
2,17,138,1,3,7,19,4,10
2,17,139,1,5,7,28,2,12
2,17,140,1,8,9,36,1,17
2,17,141,1,5,6,27,1,11
2,17,142,0,3,5,17,2,8
2,17,143,1,3,4,16,1,7
2,17,144,1,1,4,3,3,5
2,18,1,1,2,8,14,6,10
2,18,2,1,4,6,23,2,10
2,18,3,1,4,7,24,3,11
2,18,4,1,1,7,6,6,8
2,18,5,1,6,7,31,1,13
2,18,6,1,1,5,4,4,6
2,18,7,1,6,9,33,3,15
2,18,8,0,3,5,17,2,8
2,18,9,0,2,6,12,4,8
2,18,10,0,2,5,11,3,7
2,18,11,0,1,6,5,5,7
2,18,12,0,3,6,18,3,9
2,18,13,0,5,8,29,3,13
2,18,14,0,1,2,1,1,3
2,18,15,1,4,8,25,4,12
2,18,16,0,2,4,10,2,6
2,18,17,1,3,9,21,6,12
2,18,18,1,3,8,20,5,11
2,18,19,0,2,9,15,7,11
2,18,20,0,5,9,30,4,14
2,18,21,1,4,5,22,1,9
2,18,22,1,1,9,8,8,10
2,18,23,0,2,7,13,5,9
2,18,24,0,3,4,16,1,7
2,18,25,0,2,3,9,1,5
2,18,26,1,4,9,26,5,13
2,18,27,1,1,4,3,3,5
2,18,28,1,5,7,28,2,12
2,18,29,0,7,9,35,2,16
2,18,30,0,8,9,36,1,17
2,18,31,0,3,7,19,4,10
2,18,32,1,1,3,2,2,4
2,18,33,0,5,6,27,1,11
2,18,34,1,6,8,32,2,14
2,18,35,0,7,8,34,1,15
2,18,36,1,1,8,7,7,9
2,18,37,0,5,8,29,3,13
2,18,38,0,7,8,34,1,15
2,18,39,1,2,5,11,3,7
2,18,40,1,2,3,9,1,5
2,18,41,0,1,2,1,1,3
2,18,42,1,4,6,23,2,10
2,18,43,1,2,7,13,5,9
2,18,44,1,1,3,2,2,4
2,18,45,1,3,7,19,4,10
2,18,46,1,3,9,21,6,12
2,18,47,1,4,8,25,4,12
2,18,48,1,2,9,15,7,11
2,18,49,0,3,4,16,1,7
2,18,50,1,3,5,17,2,8
2,18,51,0,8,9,36,1,17
2,18,52,1,1,6,5,5,7
2,18,53,1,1,5,4,4,6
2,18,54,1,6,9,33,3,15
2,18,55,1,1,8,7,7,9
2,18,56,0,2,6,12,4,8
2,18,57,1,6,8,32,2,14
2,18,58,0,3,6,18,3,9
2,18,59,1,1,7,6,6,8
2,18,60,1,6,7,31,1,13
2,18,61,1,4,9,26,5,13
2,18,62,1,1,9,8,8,10
2,18,63,1,2,8,14,6,10
2,18,64,0,7,9,35,2,16
2,18,65,0,5,6,27,1,11
2,18,66,0,1,4,3,3,5
2,18,67,1,5,9,30,4,14
2,18,68,1,5,7,28,2,12
2,18,69,0,2,4,10,2,6
2,18,70,1,3,8,20,5,11
2,18,71,1,4,7,24,3,11
2,18,72,1,4,5,22,1,9
2,18,73,1,3,7,19,4,10
2,18,74,1,1,9,8,8,10
2,18,75,1,1,8,7,7,9
2,18,76,1,1,5,4,4,6
2,18,77,1,3,9,21,6,12
2,18,78,1,4,7,24,3,11
2,18,79,1,8,9,36,1,17
2,18,80,1,2,9,15,7,11
2,18,81,1,2,8,14,6,10
2,18,82,1,1,6,5,5,7
2,18,83,1,2,5,11,3,7
2,18,84,1,3,4,16,1,7
2,18,85,1,6,9,33,3,15
2,18,86,1,1,7,6,6,8
2,18,87,1,3,8,20,5,11
2,18,88,0,5,6,27,1,11
2,18,89,1,4,9,26,5,13
2,18,90,1,1,2,1,1,3
2,18,91,1,4,6,23,2,10
2,18,92,1,4,8,25,4,12
2,18,93,1,6,8,32,2,14
2,18,94,1,3,6,18,3,9
2,18,95,1,1,4,3,3,5
2,18,96,1,2,7,13,5,9
2,18,97,1,5,8,29,3,13
2,18,98,1,6,7,31,1,13
2,18,99,0,2,4,10,2,6
2,18,100,1,2,6,12,4,8
2,18,101,0,2,3,9,1,5
2,18,102,1,7,9,35,2,16
2,18,103,0,1,3,2,2,4
2,18,104,1,4,5,22,1,9
2,18,105,1,5,9,30,4,14
2,18,106,1,3,5,17,2,8
2,18,107,1,5,7,28,2,12
2,18,108,1,7,8,34,1,15
2,18,109,1,4,7,24,3,11
2,18,110,1,6,7,31,1,13
2,18,111,0,2,3,9,1,5
2,18,112,0,1,3,2,2,4
2,18,113,1,6,9,33,3,15
2,18,114,0,4,6,23,2,10
2,18,115,1,5,6,27,1,11
2,18,116,1,3,6,18,3,9
2,18,117,1,4,8,25,4,12
2,18,118,1,1,8,7,7,9
2,18,119,1,5,9,30,4,14
2,18,120,0,3,5,17,2,8
2,18,121,1,2,6,12,4,8
2,18,122,1,3,8,20,5,11
2,18,123,1,3,7,19,4,10
2,18,124,1,5,7,28,2,12
2,18,125,1,1,2,1,1,3
2,18,126,1,2,7,13,5,9
2,18,127,1,2,9,15,7,11
2,18,128,1,4,9,26,5,13
2,18,129,1,5,8,29,3,13
2,18,130,1,6,8,32,2,14
2,18,131,0,2,5,11,3,7
2,18,132,1,7,9,35,2,16
2,18,133,1,2,4,10,2,6
2,18,134,1,1,7,6,6,8
2,18,135,1,3,4,16,1,7
2,18,136,1,1,6,5,5,7
2,18,137,1,8,9,36,1,17
2,18,138,1,3,9,21,6,12
2,18,139,1,1,9,8,8,10
2,18,140,1,1,4,3,3,5
2,18,141,1,2,8,14,6,10
2,18,142,1,7,8,34,1,15
2,18,143,1,4,5,22,1,9
2,18,144,1,1,5,4,4,6
2,19,1,1,7,8,34,1,15
2,19,2,1,1,3,2,2,4
2,19,3,1,7,9,35,2,16
2,19,4,0,4,8,25,4,12
2,19,5,0,3,6,18,3,9
2,19,6,1,1,6,5,5,7
2,19,7,0,4,9,26,5,13
2,19,8,1,3,8,20,5,11
2,19,9,0,6,7,31,1,13
2,19,10,0,2,7,13,5,9
2,19,11,0,1,5,4,4,6
2,19,12,0,3,5,17,2,8
2,19,13,1,5,6,27,1,11
2,19,14,1,2,6,12,4,8
2,19,15,1,5,7,28,2,12
2,19,16,0,1,7,6,6,8
2,19,17,0,2,9,15,7,11
2,19,18,1,4,6,23,2,10
2,19,19,1,4,5,22,1,9
2,19,20,1,3,9,21,6,12
2,19,21,0,1,4,3,3,5
2,19,22,1,1,8,7,7,9
2,19,23,1,4,7,24,3,11
2,19,24,0,2,4,10,2,6
2,19,25,1,2,5,11,3,7
2,19,26,1,6,9,33,3,15
2,19,27,1,6,8,32,2,14
2,19,28,1,1,9,8,8,10
2,19,29,1,8,9,36,1,17
2,19,30,1,2,3,9,1,5
2,19,31,1,2,8,14,6,10
2,19,32,0,5,8,29,3,13
2,19,33,0,3,4,16,1,7
2,19,34,0,5,9,30,4,14
2,19,35,0,3,7,19,4,10
2,19,36,0,1,2,1,1,3
2,19,37,1,1,4,3,3,5
2,19,38,1,7,8,34,1,15
2,19,39,1,2,4,10,2,6
2,19,40,1,1,3,2,2,4
2,19,41,0,4,7,24,3,11
2,19,42,0,6,7,31,1,13
2,19,43,1,3,5,17,2,8
2,19,44,0,1,2,1,1,3
2,19,45,1,4,8,25,4,12
2,19,46,1,7,9,35,2,16
2,19,47,0,3,7,19,4,10
2,19,48,1,4,5,22,1,9
2,19,49,1,4,6,23,2,10
2,19,50,1,6,9,33,3,15
2,19,51,0,5,8,29,3,13
2,19,52,1,2,5,11,3,7
2,19,53,0,3,4,16,1,7
2,19,54,0,2,9,15,7,11
2,19,55,0,3,6,18,3,9
2,19,56,1,1,9,8,8,10
2,19,57,0,5,7,28,2,12
2,19,58,1,2,8,14,6,10
2,19,59,1,6,8,32,2,14
2,19,60,1,2,7,13,5,9
2,19,61,1,2,6,12,4,8
2,19,62,1,4,9,26,5,13
2,19,63,1,1,7,6,6,8
2,19,64,0,5,6,27,1,11
2,19,65,1,3,9,21,6,12
2,19,66,1,1,6,5,5,7
2,19,67,1,1,8,7,7,9
2,19,68,0,5,9,30,4,14
2,19,69,1,1,5,4,4,6
2,19,70,1,8,9,36,1,17
2,19,71,0,2,3,9,1,5
2,19,72,0,3,8,20,5,11
2,19,73,1,7,9,35,2,16
2,19,74,1,4,8,25,4,12
2,19,75,0,1,2,1,1,3
2,19,76,1,4,9,26,5,13
2,19,77,1,1,8,7,7,9
2,19,78,1,8,9,36,1,17
2,19,79,1,4,5,22,1,9
2,19,80,1,3,9,21,6,12
2,19,81,1,1,7,6,6,8
2,19,82,1,3,8,20,5,11
2,19,83,1,2,5,11,3,7
2,19,84,0,5,6,27,1,11
2,19,85,1,2,4,10,2,6
2,19,86,1,2,9,15,7,11
2,19,87,1,2,8,14,6,10
2,19,88,1,2,7,13,5,9
2,19,89,1,3,5,17,2,8
2,19,90,1,1,6,5,5,7
2,19,91,1,1,9,8,8,10
2,19,92,1,6,9,33,3,15
2,19,93,1,4,6,23,2,10
2,19,94,0,5,7,28,2,12
2,19,95,0,6,7,31,1,13
2,19,96,0,5,8,29,3,13
2,19,97,0,1,4,3,3,5
2,19,98,1,1,3,2,2,4
2,19,99,1,2,3,9,1,5
2,19,100,1,6,8,32,2,14
2,19,101,1,1,5,4,4,6
2,19,102,0,5,9,30,4,14
2,19,103,0,7,8,34,1,15
2,19,104,0,3,6,18,3,9
2,19,105,1,3,7,19,4,10
2,19,106,0,4,7,24,3,11
2,19,107,0,3,4,16,1,7
2,19,108,1,2,6,12,4,8
2,19,109,1,6,7,31,1,13
2,19,110,1,4,7,24,3,11
2,19,111,1,1,7,6,6,8
2,19,112,1,1,3,2,2,4
2,19,113,1,7,9,35,2,16
2,19,114,1,2,3,9,1,5
2,19,115,1,3,9,21,6,12
2,19,116,1,3,8,20,5,11
2,19,117,1,1,4,3,3,5
2,19,118,1,1,6,5,5,7
2,19,119,1,1,5,4,4,6
2,19,120,1,7,8,34,1,15
2,19,121,1,6,9,33,3,15
2,19,122,1,2,7,13,5,9
2,19,123,1,4,6,23,2,10
2,19,124,0,1,2,1,1,3
2,19,125,1,5,8,29,3,13
2,19,126,1,4,9,26,5,13
2,19,127,1,2,8,14,6,10
2,19,128,0,6,8,32,2,14
2,19,129,0,3,6,18,3,9
2,19,130,1,2,5,11,3,7
2,19,131,1,3,4,16,1,7
2,19,132,1,5,9,30,4,14
2,19,133,1,1,8,7,7,9
2,19,134,1,3,5,17,2,8
2,19,135,1,8,9,36,1,17
2,19,136,1,5,7,28,2,12
2,19,137,0,4,5,22,1,9
2,19,138,1,2,6,12,4,8
2,19,139,1,3,7,19,4,10
2,19,140,1,2,4,10,2,6
2,19,141,1,1,9,8,8,10
2,19,142,1,2,9,15,7,11
2,19,143,1,5,6,27,1,11
2,19,144,0,4,8,25,4,12
2,20,1,0,1,5,4,4,6
2,20,2,0,1,6,5,5,7
2,20,3,0,5,8,29,3,13
2,20,4,1,1,7,6,6,8
2,20,5,1,7,8,34,1,15
2,20,6,1,2,8,14,6,10
2,20,7,1,2,3,9,1,5
2,20,8,1,1,4,3,3,5
2,20,9,1,7,9,35,2,16
2,20,10,1,4,7,24,3,11
2,20,11,0,6,9,33,3,15
2,20,12,0,3,7,19,4,10
2,20,13,0,3,4,16,1,7
2,20,14,0,1,2,1,1,3
2,20,15,0,3,9,21,6,12
2,20,16,1,3,6,18,3,9
2,20,17,0,2,6,12,4,8
2,20,18,0,4,5,22,1,9
2,20,19,0,1,3,2,2,4
2,20,20,1,4,6,23,2,10
2,20,21,1,4,8,25,4,12
2,20,22,0,6,7,31,1,13
2,20,23,1,3,5,17,2,8
2,20,24,1,3,8,20,5,11
2,20,25,1,2,4,10,2,6
2,20,26,0,5,7,28,2,12
2,20,27,1,2,5,11,3,7
2,20,28,1,1,9,8,8,10
2,20,29,1,2,7,13,5,9
2,20,30,1,1,8,7,7,9
2,20,31,0,6,8,32,2,14
2,20,32,1,2,9,15,7,11
2,20,33,1,8,9,36,1,17
2,20,34,1,5,9,30,4,14
2,20,35,0,4,9,26,5,13
2,20,36,1,5,6,27,1,11
2,20,37,1,2,4,10,2,6
2,20,38,0,3,8,20,5,11
2,20,39,1,2,5,11,3,7
2,20,40,1,3,9,21,6,12
2,20,41,0,4,9,26,5,13
2,20,42,0,7,9,35,2,16
2,20,43,1,2,8,14,6,10
2,20,44,1,1,3,2,2,4
2,20,45,1,2,3,9,1,5
2,20,46,1,1,9,8,8,10
2,20,47,1,4,6,23,2,10
2,20,48,1,5,8,29,3,13
2,20,49,1,8,9,36,1,17
2,20,50,1,5,6,27,1,11
2,20,51,1,1,5,4,4,6
2,20,52,1,1,8,7,7,9
2,20,53,1,3,4,16,1,7
2,20,54,1,2,7,13,5,9
2,20,55,0,7,8,34,1,15
2,20,56,1,5,9,30,4,14
2,20,57,1,3,7,19,4,10
2,20,58,1,1,6,5,5,7
2,20,59,1,2,9,15,7,11
2,20,60,0,6,7,31,1,13
2,20,61,1,1,4,3,3,5
2,20,62,0,4,5,22,1,9
2,20,63,1,4,8,25,4,12
2,20,64,1,4,7,24,3,11
2,20,65,1,1,7,6,6,8
2,20,66,1,6,8,32,2,14
2,20,67,1,1,2,1,1,3
2,20,68,1,3,6,18,3,9
2,20,69,1,2,6,12,4,8
2,20,70,1,3,5,17,2,8
2,20,71,1,6,9,33,3,15
2,20,72,1,5,7,28,2,12
2,20,73,1,1,6,5,5,7
2,20,74,1,2,8,14,6,10
2,20,75,1,3,6,18,3,9
2,20,76,1,2,7,13,5,9
2,20,77,1,2,5,11,3,7
2,20,78,1,1,3,2,2,4
2,20,79,1,4,7,24,3,11
2,20,80,1,2,9,15,7,11
2,20,81,1,2,6,12,4,8
2,20,82,1,1,4,3,3,5
2,20,83,1,4,6,23,2,10
2,20,84,1,1,2,1,1,3
2,20,85,1,1,7,6,6,8
2,20,86,1,5,6,27,1,11
2,20,87,1,4,5,22,1,9
2,20,88,1,1,8,7,7,9
2,20,89,1,6,9,33,3,15
2,20,90,1,2,3,9,1,5
2,20,91,1,3,9,21,6,12
2,20,92,1,5,7,28,2,12
2,20,93,1,4,9,26,5,13
2,20,94,1,1,9,8,8,10
2,20,95,1,3,4,16,1,7
2,20,96,1,6,7,31,1,13
2,20,97,1,3,5,17,2,8
2,20,98,1,5,9,30,4,14
2,20,99,1,3,8,20,5,11
2,20,100,1,4,8,25,4,12
2,20,101,0,7,8,34,1,15
2,20,102,1,6,8,32,2,14
2,20,103,1,3,7,19,4,10
2,20,104,0,7,9,35,2,16
2,20,105,1,5,8,29,3,13
2,20,106,0,8,9,36,1,17
2,20,107,0,2,4,10,2,6
2,20,108,1,1,5,4,4,6
2,20,109,1,4,9,26,5,13
2,20,110,1,6,8,32,2,14
2,20,111,1,3,7,19,4,10
2,20,112,1,5,7,28,2,12
2,20,113,1,1,7,6,6,8
2,20,114,1,1,9,8,8,10
2,20,115,1,1,6,5,5,7
2,20,116,1,7,8,34,1,15
2,20,117,1,4,5,22,1,9
2,20,118,1,1,2,1,1,3
2,20,119,0,8,9,36,1,17
2,20,120,1,2,6,12,4,8
2,20,121,1,1,8,7,7,9
2,20,122,1,5,6,27,1,11
2,20,123,0,3,4,16,1,7
2,20,124,1,4,7,24,3,11
2,20,125,1,2,5,11,3,7
2,20,126,1,3,9,21,6,12
2,20,127,1,3,8,20,5,11
2,20,128,1,2,7,13,5,9
2,20,129,1,6,7,31,1,13
2,20,130,1,4,6,23,2,10
2,20,131,0,3,6,18,3,9
2,20,132,1,2,9,15,7,11
2,20,133,1,4,8,25,4,12
2,20,134,1,1,5,4,4,6
2,20,135,1,6,9,33,3,15
2,20,136,1,2,4,10,2,6
2,20,137,1,1,3,2,2,4
2,20,138,1,1,4,3,3,5
2,20,139,1,5,9,30,4,14
2,20,140,1,2,8,14,6,10
2,20,141,1,5,8,29,3,13
2,20,142,0,3,5,17,2,8
2,20,143,1,2,3,9,1,5
2,20,144,1,7,9,35,2,16
2,21,1,0,4,9,26,5,13
2,21,2,1,1,9,8,8,10
2,21,3,1,1,2,1,1,3
2,21,4,1,1,7,6,6,8
2,21,5,1,6,8,32,2,14
2,21,6,1,7,9,35,2,16
2,21,7,0,5,8,29,3,13
2,21,8,1,2,9,15,7,11
2,21,9,0,3,8,20,5,11
2,21,10,0,4,7,24,3,11
2,21,11,1,3,7,19,4,10
2,21,12,1,5,9,30,4,14
2,21,13,0,2,4,10,2,6
2,21,14,0,4,8,25,4,12
2,21,15,1,1,6,5,5,7
2,21,16,1,1,3,2,2,4
2,21,17,1,1,8,7,7,9
2,21,18,0,4,6,23,2,10
2,21,19,0,8,9,36,1,17
2,21,20,1,2,7,13,5,9
2,21,21,1,3,4,16,1,7
2,21,22,1,4,5,22,1,9
2,21,23,1,3,6,18,3,9
2,21,24,1,3,5,17,2,8
2,21,25,1,7,8,34,1,15
2,21,26,0,5,6,27,1,11
2,21,27,1,3,9,21,6,12
2,21,28,0,2,3,9,1,5
2,21,29,0,6,9,33,3,15
2,21,30,1,1,5,4,4,6
2,21,31,0,6,7,31,1,13
2,21,32,1,5,7,28,2,12
2,21,33,1,2,6,12,4,8
2,21,34,1,2,5,11,3,7
2,21,35,1,1,4,3,3,5
2,21,36,1,2,8,14,6,10
2,21,37,1,5,6,27,1,11
2,21,38,0,4,7,24,3,11
2,21,39,1,6,9,33,3,15
2,21,40,1,3,4,16,1,7
2,21,41,1,2,5,11,3,7
2,21,42,1,2,8,14,6,10
2,21,43,0,6,7,31,1,13
2,21,44,1,1,6,5,5,7
2,21,45,1,5,7,28,2,12
2,21,46,1,1,4,3,3,5
2,21,47,1,4,5,22,1,9
2,21,48,1,4,8,25,4,12
2,21,49,1,2,4,10,2,6
2,21,50,1,3,8,20,5,11
2,21,51,1,2,3,9,1,5
2,21,52,0,1,3,2,2,4
2,21,53,1,1,5,4,4,6
2,21,54,1,4,9,26,5,13
2,21,55,1,5,8,29,3,13
2,21,56,1,5,9,30,4,14
2,21,57,1,2,9,15,7,11
2,21,58,1,1,8,7,7,9
2,21,59,1,3,9,21,6,12
2,21,60,1,3,5,17,2,8
2,21,61,1,3,7,19,4,10
2,21,62,1,2,6,12,4,8
2,21,63,1,3,6,18,3,9
2,21,64,1,2,7,13,5,9
2,21,65,0,7,8,34,1,15
2,21,66,0,1,2,1,1,3
2,21,67,1,8,9,36,1,17
2,21,68,1,1,7,6,6,8
2,21,69,1,4,6,23,2,10
2,21,70,0,7,9,35,2,16
2,21,71,1,1,9,8,8,10
2,21,72,0,6,8,32,2,14
2,21,73,1,5,9,30,4,14
2,21,74,0,3,5,17,2,8
2,21,75,1,4,7,24,3,11
2,21,76,1,3,6,18,3,9
2,21,77,1,1,4,3,3,5
2,21,78,1,2,8,14,6,10
2,21,79,1,1,8,7,7,9
2,21,80,1,3,8,20,5,11
2,21,81,1,1,9,8,8,10
2,21,82,0,8,9,36,1,17
2,21,83,1,3,9,21,6,12
2,21,84,1,2,4,10,2,6
2,21,85,1,6,9,33,3,15
2,21,86,1,2,6,12,4,8
2,21,87,1,6,7,31,1,13
2,21,88,1,4,9,26,5,13
2,21,89,1,2,7,13,5,9
2,21,90,1,6,8,32,2,14
2,21,91,1,7,9,35,2,16
2,21,92,0,7,8,34,1,15
2,21,93,1,4,6,23,2,10
2,21,94,0,1,2,1,1,3
2,21,95,1,4,5,22,1,9
2,21,96,1,1,6,5,5,7
2,21,97,1,5,7,28,2,12
2,21,98,1,5,6,27,1,11
2,21,99,1,3,7,19,4,10
2,21,100,1,4,8,25,4,12
2,21,101,0,2,3,9,1,5
2,21,102,1,5,8,29,3,13
2,21,103,1,3,4,16,1,7
2,21,104,0,2,5,11,3,7
2,21,105,1,1,3,2,2,4
2,21,106,1,1,7,6,6,8
2,21,107,1,1,5,4,4,6
2,21,108,1,2,9,15,7,11
2,21,109,1,5,9,30,4,14
2,21,110,1,4,9,26,5,13
2,21,111,1,1,7,6,6,8
2,21,112,1,4,6,23,2,10
2,21,113,1,6,7,31,1,13
2,21,114,1,5,8,29,3,13
2,21,115,1,5,6,27,1,11
2,21,116,1,6,9,33,3,15
2,21,117,1,7,8,34,1,15
2,21,118,0,4,5,22,1,9
2,21,119,1,2,4,10,2,6
2,21,120,1,1,3,2,2,4
2,21,121,1,6,8,32,2,14
2,21,122,1,2,8,14,6,10
2,21,123,1,7,9,35,2,16
2,21,124,1,1,8,7,7,9
2,21,125,0,8,9,36,1,17
2,21,126,1,1,6,5,5,7
2,21,127,1,1,2,1,1,3
2,21,128,1,4,7,24,3,11
2,21,129,1,3,8,20,5,11
2,21,130,1,2,3,9,1,5
2,21,131,1,1,5,4,4,6
2,21,132,1,3,7,19,4,10
2,21,133,1,2,6,12,4,8
2,21,134,1,5,7,28,2,12
2,21,135,1,3,9,21,6,12
2,21,136,1,1,9,8,8,10
2,21,137,1,1,4,3,3,5
2,21,138,1,3,6,18,3,9
2,21,139,1,2,9,15,7,11
2,21,140,1,2,5,11,3,7
2,21,141,1,4,8,25,4,12
2,21,142,1,3,5,17,2,8
2,21,143,1,3,4,16,1,7
2,21,144,1,2,7,13,5,9
2,22,1,0,5,7,28,2,12
2,22,2,1,3,9,21,6,12
2,22,3,0,8,9,36,1,17
2,22,4,1,3,6,18,3,9
2,22,5,0,2,3,9,1,5
2,22,6,1,2,4,10,2,6
2,22,7,1,2,6,12,4,8
2,22,8,1,5,6,27,1,11
2,22,9,0,1,5,4,4,6
2,22,10,0,5,8,29,3,13
2,22,11,1,1,8,7,7,9
2,22,12,0,4,7,24,3,11
2,22,13,0,3,4,16,1,7
2,22,14,0,1,7,6,6,8
2,22,15,1,1,9,8,8,10
2,22,16,1,1,4,3,3,5
2,22,17,1,6,8,32,2,14
2,22,18,1,6,7,31,1,13
2,22,19,0,4,6,23,2,10
2,22,20,0,4,5,22,1,9
2,22,21,1,1,3,2,2,4
2,22,22,0,4,8,25,4,12
2,22,23,0,7,8,34,1,15
2,22,24,1,2,7,13,5,9
2,22,25,1,2,8,14,6,10
2,22,26,0,1,6,5,5,7
2,22,27,1,2,9,15,7,11
2,22,28,1,3,7,19,4,10
2,22,29,1,3,5,17,2,8
2,22,30,1,6,9,33,3,15
2,22,31,0,4,9,26,5,13
2,22,32,0,7,9,35,2,16
2,22,33,0,5,9,30,4,14
2,22,34,0,1,2,1,1,3
2,22,35,1,2,5,11,3,7
2,22,36,1,3,8,20,5,11
2,22,37,1,5,7,28,2,12
2,22,38,1,1,9,8,8,10
2,22,39,0,4,6,23,2,10
2,22,40,1,1,2,1,1,3
2,22,41,1,2,7,13,5,9
2,22,42,0,4,7,24,3,11
2,22,43,1,2,9,15,7,11
2,22,44,1,4,8,25,4,12
2,22,45,1,1,3,2,2,4
2,22,46,0,4,9,26,5,13
2,22,47,1,8,9,36,1,17
2,22,48,1,6,7,31,1,13
2,22,49,1,3,7,19,4,10
2,22,50,1,2,8,14,6,10
2,22,51,1,1,4,3,3,5
2,22,52,0,1,6,5,5,7
2,22,53,1,1,7,6,6,8
2,22,54,0,5,6,27,1,11
2,22,55,1,5,9,30,4,14
2,22,56,1,2,4,10,2,6
2,22,57,1,3,6,18,3,9
2,22,58,1,2,5,11,3,7
2,22,59,1,1,5,4,4,6
2,22,60,1,1,8,7,7,9
2,22,61,1,6,9,33,3,15
2,22,62,1,3,8,20,5,11
2,22,63,0,2,3,9,1,5
2,22,64,1,3,9,21,6,12
2,22,65,0,4,5,22,1,9
2,22,66,1,7,9,35,2,16
2,22,67,1,3,5,17,2,8
2,22,68,1,6,8,32,2,14
2,22,69,0,5,8,29,3,13
2,22,70,1,2,6,12,4,8
2,22,71,1,3,4,16,1,7
2,22,72,0,7,8,34,1,15
2,22,73,1,2,7,13,5,9
2,22,74,0,4,7,24,3,11
2,22,75,1,6,9,33,3,15
2,22,76,1,1,7,6,6,8
2,22,77,1,6,7,31,1,13
2,22,78,1,2,9,15,7,11
2,22,79,1,5,8,29,3,13
2,22,80,1,3,8,20,5,11
2,22,81,1,1,8,7,7,9
2,22,82,1,8,9,36,1,17
2,22,83,1,3,5,17,2,8
2,22,84,0,4,9,26,5,13
2,22,85,1,3,6,18,3,9
2,22,86,1,2,8,14,6,10
2,22,87,1,1,9,8,8,10
2,22,88,1,3,7,19,4,10
2,22,89,1,5,7,28,2,12
2,22,90,1,7,8,34,1,15
2,22,91,1,7,9,35,2,16
2,22,92,1,1,6,5,5,7
2,22,93,0,5,6,27,1,11
2,22,94,0,1,3,2,2,4
2,22,95,1,3,4,16,1,7
2,22,96,1,3,9,21,6,12
2,22,97,0,4,6,23,2,10
2,22,98,1,4,5,22,1,9
2,22,99,1,4,8,25,4,12
2,22,100,1,1,4,3,3,5
2,22,101,1,6,8,32,2,14
2,22,102,0,1,2,1,1,3
2,22,103,1,5,9,30,4,14
2,22,104,1,1,5,4,4,6
2,22,105,1,2,3,9,1,5
2,22,106,1,2,4,10,2,6
2,22,107,1,2,5,11,3,7
2,22,108,1,2,6,12,4,8
2,22,109,1,2,8,14,6,10
2,22,110,1,4,8,25,4,12
2,22,111,1,3,8,20,5,11
2,22,112,1,1,9,8,8,10
2,22,113,1,1,3,2,2,4
2,22,114,0,4,5,22,1,9
2,22,115,1,2,6,12,4,8
2,22,116,1,3,5,17,2,8
2,22,117,1,2,3,9,1,5
2,22,118,1,5,8,29,3,13
2,22,119,0,5,6,27,1,11
2,22,120,1,8,9,36,1,17
2,22,121,0,6,8,32,2,14
2,22,122,1,7,8,34,1,15
2,22,123,1,2,9,15,7,11
2,22,124,1,3,4,16,1,7
2,22,125,0,6,9,33,3,15
2,22,126,1,4,9,26,5,13
2,22,127,1,2,4,10,2,6
2,22,128,1,3,9,21,6,12
2,22,129,1,1,8,7,7,9
2,22,130,0,5,7,28,2,12
2,22,131,1,1,7,6,6,8
2,22,132,1,1,4,3,3,5
2,22,133,1,4,7,24,3,11
2,22,134,1,4,6,23,2,10
2,22,135,1,3,7,19,4,10
2,22,136,0,5,9,30,4,14
2,22,137,1,2,5,11,3,7
2,22,138,1,1,5,4,4,6
2,22,139,0,6,7,31,1,13
2,22,140,1,1,6,5,5,7
2,22,141,1,3,6,18,3,9
2,22,142,0,1,2,1,1,3
2,22,143,1,2,7,13,5,9
2,22,144,1,7,9,35,2,16
2,23,1,0,6,7,31,1,13
2,23,2,0,4,8,25,4,12
2,23,3,1,1,4,3,3,5
2,23,4,1,1,5,4,4,6
2,23,5,0,8,9,36,1,17
2,23,6,1,1,2,1,1,3
2,23,7,1,1,8,7,7,9
2,23,8,1,3,6,18,3,9
2,23,9,1,2,4,10,2,6
2,23,10,0,5,6,27,1,11
2,23,11,1,3,7,19,4,10
2,23,12,0,6,8,32,2,14
2,23,13,1,5,7,28,2,12
2,23,14,1,2,5,11,3,7
2,23,15,1,3,8,20,5,11
2,23,16,0,4,6,23,2,10
2,23,17,1,3,9,21,6,12
2,23,18,0,4,7,24,3,11
2,23,19,1,2,7,13,5,9
2,23,20,1,2,9,15,7,11
2,23,21,1,6,9,33,3,15
2,23,22,1,2,3,9,1,5
2,23,23,0,1,3,2,2,4
2,23,24,1,2,8,14,6,10
2,23,25,1,2,6,12,4,8
2,23,26,1,1,6,5,5,7
2,23,27,0,7,9,35,2,16
2,23,28,1,5,8,29,3,13
2,23,29,1,5,9,30,4,14
2,23,30,0,4,5,22,1,9
2,23,31,1,3,4,16,1,7
2,23,32,1,3,5,17,2,8
2,23,33,1,1,7,6,6,8
2,23,34,0,7,8,34,1,15
2,23,35,1,4,9,26,5,13
2,23,36,1,1,9,8,8,10
2,23,37,1,4,9,26,5,13
2,23,38,1,5,7,28,2,12
2,23,39,0,3,4,16,1,7
2,23,40,1,7,8,34,1,15
2,23,41,1,1,7,6,6,8
2,23,42,0,4,7,24,3,11
2,23,43,0,1,3,2,2,4
2,23,44,1,4,8,25,4,12
2,23,45,1,7,9,35,2,16
2,23,46,0,4,5,22,1,9
2,23,47,1,2,4,10,2,6
2,23,48,1,5,8,29,3,13
2,23,49,1,6,9,33,3,15
2,23,50,1,1,9,8,8,10
2,23,51,1,3,6,18,3,9
2,23,52,1,6,7,31,1,13
2,23,53,1,3,7,19,4,10
2,23,54,0,1,2,1,1,3
2,23,55,1,2,7,13,5,9
2,23,56,0,5,6,27,1,11
2,23,57,1,5,9,30,4,14
2,23,58,1,1,6,5,5,7
2,23,59,1,3,5,17,2,8
2,23,60,1,2,9,15,7,11
2,23,61,1,2,8,14,6,10
2,23,62,1,2,3,9,1,5
2,23,63,1,2,6,12,4,8
2,23,64,1,1,4,3,3,5
2,23,65,1,1,5,4,4,6
2,23,66,1,3,9,21,6,12
2,23,67,1,3,8,20,5,11
2,23,68,1,8,9,36,1,17
2,23,69,0,6,8,32,2,14
2,23,70,0,4,6,23,2,10
2,23,71,1,1,8,7,7,9
2,23,72,1,2,5,11,3,7
2,23,73,1,2,7,13,5,9
2,23,74,1,4,9,26,5,13
2,23,75,1,3,5,17,2,8
2,23,76,1,5,6,27,1,11
2,23,77,1,3,6,18,3,9
2,23,78,1,5,8,29,3,13
2,23,79,1,2,5,11,3,7
2,23,80,1,2,6,12,4,8
2,23,81,1,3,9,21,6,12
2,23,82,0,7,9,35,2,16
2,23,83,1,2,4,10,2,6
2,23,84,1,2,8,14,6,10
2,23,85,1,6,9,33,3,15
2,23,86,1,6,7,31,1,13
2,23,87,1,6,8,32,2,14
2,23,88,1,2,3,9,1,5
2,23,89,0,4,6,23,2,10
2,23,90,1,8,9,36,1,17
2,23,91,1,2,9,15,7,11
2,23,92,0,4,7,24,3,11
2,23,93,1,5,9,30,4,14
2,23,94,1,1,8,7,7,9
2,23,95,0,4,8,25,4,12
2,23,96,0,4,5,22,1,9
2,23,97,1,1,9,8,8,10
2,23,98,1,3,7,19,4,10
2,23,99,0,1,2,1,1,3
2,23,100,1,7,8,34,1,15
2,23,101,1,1,6,5,5,7
2,23,102,1,1,4,3,3,5
2,23,103,1,1,5,4,4,6
2,23,104,1,5,7,28,2,12
2,23,105,1,1,3,2,2,4
2,23,106,1,3,4,16,1,7
2,23,107,1,3,8,20,5,11
2,23,108,1,1,7,6,6,8
2,23,109,0,8,9,36,1,17
2,23,110,1,3,7,19,4,10
2,23,111,1,7,8,34,1,15
2,23,112,1,6,9,33,3,15
2,23,113,1,1,8,7,7,9
2,23,114,0,4,6,23,2,10
2,23,115,1,3,6,18,3,9
2,23,116,1,6,8,32,2,14
2,23,117,1,1,3,2,2,4
2,23,118,1,1,5,4,4,6
2,23,119,1,2,8,14,6,10
2,23,120,1,1,7,6,6,8
2,23,121,1,3,9,21,6,12
2,23,122,1,2,9,15,7,11
2,23,123,1,6,7,31,1,13
2,23,124,1,3,5,17,2,8
2,23,125,1,2,4,10,2,6
2,23,126,1,1,6,5,5,7
2,23,127,1,2,6,12,4,8
2,23,128,1,2,7,13,5,9
2,23,129,0,4,5,22,1,9
2,23,130,1,2,3,9,1,5
2,23,131,1,1,9,8,8,10
2,23,132,1,5,7,28,2,12
2,23,133,1,3,4,16,1,7
2,23,134,1,3,8,20,5,11
2,23,135,1,4,8,25,4,12
2,23,136,1,5,8,29,3,13
2,23,137,1,2,5,11,3,7
2,23,138,0,1,2,1,1,3
2,23,139,1,7,9,35,2,16
2,23,140,1,1,4,3,3,5
2,23,141,0,4,9,26,5,13
2,23,142,1,5,6,27,1,11
2,23,143,1,5,9,30,4,14
2,23,144,0,4,7,24,3,11
2,24,1,1,3,6,18,3,9
2,24,2,1,7,9,35,2,16
2,24,3,0,5,9,30,4,14
2,24,4,1,4,7,24,3,11
2,24,5,1,3,8,20,5,11
2,24,6,1,6,9,33,3,15
2,24,7,1,3,9,21,6,12
2,24,8,0,5,8,29,3,13
2,24,9,0,2,8,14,6,10
2,24,10,0,2,6,12,4,8
2,24,11,1,2,5,11,3,7
2,24,12,1,4,8,25,4,12
2,24,13,1,1,6,5,5,7
2,24,14,1,4,5,22,1,9
2,24,15,0,7,8,34,1,15
2,24,16,0,3,4,16,1,7
2,24,17,0,2,4,10,2,6
2,24,18,0,6,7,31,1,13
2,24,19,0,8,9,36,1,17
2,24,20,1,4,9,26,5,13
2,24,21,1,1,5,4,4,6
2,24,22,1,1,9,8,8,10
2,24,23,1,6,8,32,2,14
2,24,24,1,3,7,19,4,10
2,24,25,0,2,3,9,1,5
2,24,26,1,5,7,28,2,12
2,24,27,1,1,2,1,1,3
2,24,28,1,1,3,2,2,4
2,24,29,1,1,8,7,7,9
2,24,30,1,1,7,6,6,8
2,24,31,1,2,9,15,7,11
2,24,32,1,3,5,17,2,8
2,24,33,1,2,7,13,5,9
2,24,34,1,1,4,3,3,5
2,24,35,1,4,6,23,2,10
2,24,36,1,5,6,27,1,11
2,24,37,1,5,9,30,4,14
2,24,38,1,1,5,4,4,6
2,24,39,1,4,6,23,2,10
2,24,40,1,3,6,18,3,9
2,24,41,1,3,9,21,6,12
2,24,42,1,1,7,6,6,8
2,24,43,0,7,9,35,2,16
2,24,44,1,5,7,28,2,12
2,24,45,0,2,4,10,2,6
2,24,46,1,3,7,19,4,10
2,24,47,1,5,8,29,3,13
2,24,48,1,2,6,12,4,8
2,24,49,1,8,9,36,1,17
2,24,50,1,1,9,8,8,10
2,24,51,1,6,9,33,3,15
2,24,52,0,5,6,27,1,11
2,24,53,0,7,8,34,1,15
2,24,54,1,2,8,14,6,10
2,24,55,1,1,6,5,5,7
2,24,56,1,2,9,15,7,11
2,24,57,1,1,3,2,2,4
2,24,58,0,3,4,16,1,7
2,24,59,1,4,5,22,1,9
2,24,60,1,4,7,24,3,11
2,24,61,1,4,9,26,5,13
2,24,62,1,1,4,3,3,5
2,24,63,1,2,5,11,3,7
2,24,64,1,6,7,31,1,13
2,24,65,1,2,7,13,5,9
2,24,66,1,2,3,9,1,5
2,24,67,1,4,8,25,4,12
2,24,68,0,6,8,32,2,14
2,24,69,1,3,8,20,5,11
2,24,70,1,3,5,17,2,8
2,24,71,1,1,2,1,1,3
2,24,72,1,1,8,7,7,9
2,24,73,1,1,4,3,3,5
2,24,74,1,1,5,4,4,6
2,24,75,1,2,8,14,6,10
2,24,76,0,5,8,29,3,13
2,24,77,1,1,2,1,1,3
2,24,78,1,1,3,2,2,4
2,24,79,1,3,9,21,6,12
2,24,80,1,1,9,8,8,10
2,24,81,1,2,6,12,4,8
2,24,82,1,3,5,17,2,8
2,24,83,0,5,6,27,1,11
2,24,84,1,6,8,32,2,14
2,24,85,1,4,9,26,5,13
2,24,86,0,3,4,16,1,7
2,24,87,1,2,9,15,7,11
2,24,88,1,4,5,22,1,9
2,24,89,1,2,5,11,3,7
2,24,90,1,4,8,25,4,12
2,24,91,0,7,8,34,1,15
2,24,92,1,2,3,9,1,5
2,24,93,1,1,6,5,5,7
2,24,94,1,4,7,24,3,11
2,24,95,1,1,8,7,7,9
2,24,96,1,2,4,10,2,6
2,24,97,1,1,7,6,6,8
2,24,98,1,5,9,30,4,14
2,24,99,1,3,7,19,4,10
2,24,100,1,2,7,13,5,9
2,24,101,1,4,6,23,2,10
2,24,102,1,6,9,33,3,15
2,24,103,1,6,7,31,1,13
2,24,104,1,5,7,28,2,12
2,24,105,1,7,9,35,2,16
2,24,106,0,8,9,36,1,17
2,24,107,1,3,6,18,3,9
2,24,108,1,3,8,20,5,11
2,24,109,1,3,5,17,2,8
2,24,110,1,5,6,27,1,11
2,24,111,0,8,9,36,1,17
2,24,112,0,1,2,1,1,3
2,24,113,1,3,6,18,3,9
2,24,114,1,2,8,14,6,10
2,24,115,1,2,9,15,7,11
2,24,116,1,3,7,19,4,10
2,24,117,1,6,7,31,1,13
2,24,118,1,7,8,34,1,15
2,24,119,1,4,6,23,2,10
2,24,120,0,5,7,28,2,12
2,24,121,1,7,9,35,2,16
2,24,122,1,1,4,3,3,5
2,24,123,1,3,9,21,6,12
2,24,124,1,2,6,12,4,8
2,24,125,1,5,8,29,3,13
2,24,126,1,1,3,2,2,4
2,24,127,1,3,8,20,5,11
2,24,128,1,2,4,10,2,6
2,24,129,1,4,7,24,3,11
2,24,130,0,3,4,16,1,7
2,24,131,1,2,7,13,5,9
2,24,132,1,1,8,7,7,9
2,24,133,1,6,8,32,2,14
2,24,134,1,1,7,6,6,8
2,24,135,1,6,9,33,3,15
2,24,136,1,1,5,4,4,6
2,24,137,1,2,3,9,1,5
2,24,138,1,4,9,26,5,13
2,24,139,1,4,8,25,4,12
2,24,140,1,5,9,30,4,14
2,24,141,1,2,5,11,3,7
2,24,142,1,1,9,8,8,10
2,24,143,1,4,5,22,1,9
2,24,144,1,1,6,5,5,7
2,25,1,1,1,6,5,5,7
2,25,2,1,4,9,26,5,13
2,25,3,1,3,6,18,3,9
2,25,4,0,3,4,16,1,7
2,25,5,1,4,6,23,2,10
2,25,6,0,1,9,8,8,10
2,25,7,0,2,9,15,7,11
2,25,8,1,3,5,17,2,8
2,25,9,0,2,7,13,5,9
2,25,10,1,1,8,7,7,9
2,25,11,0,1,3,2,2,4
2,25,12,1,4,7,24,3,11
2,25,13,0,7,8,34,1,15
2,25,14,0,3,7,19,4,10
2,25,15,1,5,8,29,3,13
2,25,16,0,2,6,12,4,8
2,25,17,0,2,4,10,2,6
2,25,18,1,6,9,33,3,15
2,25,19,0,1,4,3,3,5
2,25,20,1,8,9,36,1,17
2,25,21,1,1,7,6,6,8
2,25,22,0,2,3,9,1,5
2,25,23,0,7,9,35,2,16
2,25,24,0,3,8,20,5,11
2,25,25,1,5,9,30,4,14
2,25,26,1,4,8,25,4,12
2,25,27,0,4,5,22,1,9
2,25,28,1,1,2,1,1,3
2,25,29,1,6,7,31,1,13
2,25,30,1,6,8,32,2,14
2,25,31,1,5,7,28,2,12
2,25,32,0,1,5,4,4,6
2,25,33,0,2,8,14,6,10
2,25,34,0,3,9,21,6,12
2,25,35,0,2,5,11,3,7
2,25,36,0,5,6,27,1,11
2,25,37,0,2,9,15,7,11
2,25,38,0,2,4,10,2,6
2,25,39,1,7,9,35,2,16
2,25,40,1,4,9,26,5,13
2,25,41,0,4,5,22,1,9
2,25,42,1,2,8,14,6,10
2,25,43,1,8,9,36,1,17
2,25,44,0,4,7,24,3,11
2,25,45,0,4,8,25,4,12
2,25,46,0,1,6,5,5,7
2,25,47,0,5,6,27,1,11
2,25,48,1,7,8,34,1,15
2,25,49,0,3,4,16,1,7
2,25,50,0,1,2,1,1,3
2,25,51,0,6,9,33,3,15
2,25,52,1,1,8,7,7,9
2,25,53,1,5,9,30,4,14
2,25,54,0,3,7,19,4,10
2,25,55,1,1,7,6,6,8
2,25,56,0,2,6,12,4,8
2,25,57,1,1,4,3,3,5
2,25,58,1,5,7,28,2,12
2,25,59,1,3,6,18,3,9
2,25,60,1,1,9,8,8,10
2,25,61,0,3,5,17,2,8
2,25,62,1,1,3,2,2,4
2,25,63,0,6,8,32,2,14
2,25,64,1,3,9,21,6,12
2,25,65,1,4,6,23,2,10
2,25,66,1,1,5,4,4,6
2,25,67,0,6,7,31,1,13
2,25,68,1,3,8,20,5,11
2,25,69,1,2,7,13,5,9
2,25,70,1,5,8,29,3,13
2,25,71,0,2,5,11,3,7
2,25,72,0,2,3,9,1,5
2,25,73,1,1,2,1,1,3
2,25,74,1,5,7,28,2,12
2,25,75,1,1,3,2,2,4
2,25,76,1,1,6,5,5,7
2,25,77,1,2,9,15,7,11
2,25,78,1,3,9,21,6,12
2,25,79,1,2,4,10,2,6
2,25,80,1,3,6,18,3,9
2,25,81,1,5,6,27,1,11
2,25,82,0,6,8,32,2,14
2,25,83,0,1,5,4,4,6
2,25,84,1,5,8,29,3,13
2,25,85,1,8,9,36,1,17
2,25,86,0,6,7,31,1,13
2,25,87,0,4,5,22,1,9
2,25,88,1,2,8,14,6,10
2,25,89,1,2,6,12,4,8
2,25,90,0,3,4,16,1,7
2,25,91,0,7,8,34,1,15
2,25,92,1,4,8,25,4,12
2,25,93,0,2,5,11,3,7
2,25,94,1,3,8,20,5,11
2,25,95,1,3,5,17,2,8
2,25,96,0,1,4,3,3,5
2,25,97,1,1,9,8,8,10
2,25,98,0,2,3,9,1,5
2,25,99,0,7,9,35,2,16
2,25,100,0,5,9,30,4,14
2,25,101,1,6,9,33,3,15
2,25,102,1,4,7,24,3,11
2,25,103,1,1,8,7,7,9
2,25,104,1,3,7,19,4,10
2,25,105,1,4,9,26,5,13
2,25,106,1,2,7,13,5,9
2,25,107,1,4,6,23,2,10
2,25,108,1,1,7,6,6,8
2,25,109,1,5,9,30,4,14
2,25,110,1,1,9,8,8,10
2,25,111,1,3,6,18,3,9
2,25,112,1,4,6,23,2,10
2,25,113,1,1,5,4,4,6
2,25,114,0,7,9,35,2,16
2,25,115,1,5,7,28,2,12
2,25,116,1,1,6,5,5,7
2,25,117,1,5,8,29,3,13
2,25,118,1,3,9,21,6,12
2,25,119,1,6,7,31,1,13
2,25,120,1,2,6,12,4,8
2,25,121,1,1,2,1,1,3
2,25,122,1,6,8,32,2,14
2,25,123,1,2,9,15,7,11
2,25,124,1,1,4,3,3,5
2,25,125,0,3,4,16,1,7
2,25,126,1,4,9,26,5,13
2,25,127,1,1,7,6,6,8
2,25,128,1,4,8,25,4,12
2,25,129,1,8,9,36,1,17
2,25,130,0,3,8,20,5,11
2,25,131,1,2,8,14,6,10
2,25,132,1,5,6,27,1,11
2,25,133,1,2,4,10,2,6
2,25,134,1,2,3,9,1,5
2,25,135,1,2,5,11,3,7
2,25,136,1,3,5,17,2,8
2,25,137,1,1,3,2,2,4
2,25,138,1,4,5,22,1,9
2,25,139,1,4,7,24,3,11
2,25,140,1,3,7,19,4,10
2,25,141,0,7,8,34,1,15
2,25,142,1,2,7,13,5,9
2,25,143,1,6,9,33,3,15
2,25,144,1,1,8,7,7,9
2,26,1,0,3,9,21,6,12
2,26,2,0,1,6,5,5,7
2,26,3,0,2,7,13,5,9
2,26,4,0,3,4,16,1,7
2,26,5,0,1,2,1,1,3
2,26,6,0,3,5,17,2,8
2,26,7,0,4,8,25,4,12
2,26,8,1,6,7,31,1,13
2,26,9,1,1,8,7,7,9
2,26,10,0,1,9,8,8,10
2,26,11,1,2,4,10,2,6
2,26,12,1,4,7,24,3,11
2,26,13,1,2,3,9,1,5
2,26,14,0,5,7,28,2,12
2,26,15,1,2,6,12,4,8
2,26,16,1,3,8,20,5,11
2,26,17,0,5,8,29,3,13
2,26,18,1,2,5,11,3,7
2,26,19,1,4,6,23,2,10
2,26,20,0,7,8,34,1,15
2,26,21,1,8,9,36,1,17
2,26,22,0,2,8,14,6,10
2,26,23,1,1,4,3,3,5
2,26,24,0,2,9,15,7,11
2,26,25,0,6,9,33,3,15
2,26,26,1,3,7,19,4,10
2,26,27,0,5,9,30,4,14
2,26,28,1,7,9,35,2,16
2,26,29,1,1,3,2,2,4
2,26,30,1,4,9,26,5,13
2,26,31,1,3,6,18,3,9
2,26,32,1,1,7,6,6,8
2,26,33,1,6,8,32,2,14
2,26,34,0,5,6,27,1,11
2,26,35,1,4,5,22,1,9
2,26,36,1,1,5,4,4,6
2,26,37,0,2,4,10,2,6
2,26,38,1,7,9,35,2,16
2,26,39,1,6,8,32,2,14
2,26,40,1,1,7,6,6,8
2,26,41,1,5,9,30,4,14
2,26,42,1,4,9,26,5,13
2,26,43,1,1,9,8,8,10
2,26,44,1,4,5,22,1,9
2,26,45,1,5,8,29,3,13
2,26,46,1,3,7,19,4,10
2,26,47,1,6,9,33,3,15
2,26,48,0,8,9,36,1,17
2,26,49,1,2,6,12,4,8
2,26,50,1,6,7,31,1,13
2,26,51,1,3,8,20,5,11
2,26,52,1,4,8,25,4,12
2,26,53,0,3,6,18,3,9
2,26,54,1,1,4,3,3,5
2,26,55,0,1,2,1,1,3
2,26,56,1,2,3,9,1,5
2,26,57,0,2,8,14,6,10
2,26,58,1,7,8,34,1,15
2,26,59,0,3,4,16,1,7
2,26,60,1,2,7,13,5,9
2,26,61,1,2,9,15,7,11
2,26,62,1,5,6,27,1,11
2,26,63,0,1,6,5,5,7
2,26,64,1,1,8,7,7,9
2,26,65,0,3,9,21,6,12
2,26,66,0,3,5,17,2,8
2,26,67,0,1,3,2,2,4
2,26,68,1,2,5,11,3,7
2,26,69,0,1,5,4,4,6
2,26,70,1,4,6,23,2,10
2,26,71,1,4,7,24,3,11
2,26,72,1,5,7,28,2,12
2,26,73,1,5,9,30,4,14
2,26,74,0,1,6,5,5,7
2,26,75,0,1,2,1,1,3
2,26,76,1,1,9,8,8,10
2,26,77,1,1,3,2,2,4
2,26,78,1,1,7,6,6,8
2,26,79,1,8,9,36,1,17
2,26,80,1,1,5,4,4,6
2,26,81,0,4,5,22,1,9
2,26,82,0,3,8,20,5,11
2,26,83,0,2,4,10,2,6
2,26,84,0,3,6,18,3,9
2,26,85,1,3,9,21,6,12
2,26,86,1,4,9,26,5,13
2,26,87,1,4,7,24,3,11
2,26,88,0,2,5,11,3,7
2,26,89,1,4,6,23,2,10
2,26,90,1,7,9,35,2,16
2,26,91,1,1,8,7,7,9
2,26,92,1,5,8,29,3,13
2,26,93,0,3,4,16,1,7
2,26,94,0,6,8,32,2,14
2,26,95,0,3,7,19,4,10
2,26,96,0,2,8,14,6,10
2,26,97,0,3,5,17,2,8
2,26,98,0,5,6,27,1,11
2,26,99,0,2,7,13,5,9
2,26,100,1,1,4,3,3,5
2,26,101,0,2,6,12,4,8
2,26,102,0,2,9,15,7,11
2,26,103,1,4,8,25,4,12
2,26,104,0,5,7,28,2,12
2,26,105,1,6,9,33,3,15
2,26,106,1,6,7,31,1,13
2,26,107,0,2,3,9,1,5
2,26,108,1,7,8,34,1,15
2,26,109,1,3,5,17,2,8
2,26,110,0,5,7,28,2,12
2,26,111,0,2,7,13,5,9
2,26,112,0,2,4,10,2,6
2,26,113,1,5,9,30,4,14
2,26,114,1,1,7,6,6,8
2,26,115,1,1,2,1,1,3
2,26,116,0,5,8,29,3,13
2,26,117,1,3,9,21,6,12
2,26,118,1,1,5,4,4,6
2,26,119,1,2,9,15,7,11
2,26,120,1,6,8,32,2,14
2,26,121,1,1,9,8,8,10
2,26,122,1,1,6,5,5,7
2,26,123,1,1,3,2,2,4
2,26,124,1,4,6,23,2,10
2,26,125,1,8,9,36,1,17
2,26,126,0,3,8,20,5,11
2,26,127,1,7,8,34,1,15
2,26,128,1,2,8,14,6,10
2,26,129,1,4,5,22,1,9
2,26,130,0,1,4,3,3,5
2,26,131,1,3,6,18,3,9
2,26,132,1,6,9,33,3,15
2,26,133,1,3,7,19,4,10
2,26,134,0,5,6,27,1,11
2,26,135,0,6,7,31,1,13
2,26,136,0,2,5,11,3,7
2,26,137,1,4,9,26,5,13
2,26,138,0,2,3,9,1,5
2,26,139,0,3,4,16,1,7
2,26,140,1,7,9,35,2,16
2,26,141,1,4,8,25,4,12
2,26,142,1,4,7,24,3,11
2,26,143,1,2,6,12,4,8
2,26,144,1,1,8,7,7,9
2,27,1,0,2,9,15,7,11
2,27,2,1,1,9,8,8,10
2,27,3,0,7,8,34,1,15
2,27,4,1,2,5,11,3,7
2,27,5,1,1,3,2,2,4
2,27,6,1,2,8,14,6,10
2,27,7,1,5,8,29,3,13
2,27,8,1,3,7,19,4,10
2,27,9,0,3,4,16,1,7
2,27,10,1,1,8,7,7,9
2,27,11,0,3,9,21,6,12
2,27,12,1,1,4,3,3,5
2,27,13,1,2,6,12,4,8
2,27,14,1,5,9,30,4,14
2,27,15,1,4,8,25,4,12
2,27,16,1,8,9,36,1,17
2,27,17,1,5,7,28,2,12
2,27,18,1,2,3,9,1,5
2,27,19,0,1,2,1,1,3
2,27,20,1,1,7,6,6,8
2,27,21,1,4,9,26,5,13
2,27,22,1,2,4,10,2,6
2,27,23,1,5,6,27,1,11
2,27,24,0,3,5,17,2,8
2,27,25,1,2,7,13,5,9
2,27,26,0,4,5,22,1,9
2,27,27,0,3,8,20,5,11
2,27,28,0,3,6,18,3,9
2,27,29,1,6,8,32,2,14
2,27,30,1,6,9,33,3,15
2,27,31,1,1,5,4,4,6
2,27,32,1,6,7,31,1,13
2,27,33,0,4,6,23,2,10
2,27,34,1,4,7,24,3,11
2,27,35,1,7,9,35,2,16
2,27,36,1,1,6,5,5,7
2,27,37,1,4,8,25,4,12
2,27,38,1,2,3,9,1,5
2,27,39,1,4,5,22,1,9
2,27,40,1,5,8,29,3,13
2,27,41,1,2,6,12,4,8
2,27,42,0,3,4,16,1,7
2,27,43,1,1,5,4,4,6
2,27,44,1,1,7,6,6,8
2,27,45,1,1,2,1,1,3
2,27,46,1,5,9,30,4,14
2,27,47,1,3,8,20,5,11
2,27,48,0,3,6,18,3,9
2,27,49,1,4,7,24,3,11
2,27,50,1,6,8,32,2,14
2,27,51,1,5,6,27,1,11
2,27,52,1,4,9,26,5,13
2,27,53,1,1,8,7,7,9
2,27,54,0,6,7,31,1,13
2,27,55,1,7,9,35,2,16
2,27,56,0,3,7,19,4,10
2,27,57,1,2,7,13,5,9
2,27,58,0,8,9,36,1,17
2,27,59,1,7,8,34,1,15
2,27,60,0,6,9,33,3,15
2,27,61,1,4,6,23,2,10
2,27,62,0,2,4,10,2,6
2,27,63,1,1,4,3,3,5
2,27,64,1,1,3,2,2,4
2,27,65,1,3,9,21,6,12
2,27,66,1,1,9,8,8,10
2,27,67,1,2,9,15,7,11
2,27,68,0,3,5,17,2,8
2,27,69,1,1,6,5,5,7
2,27,70,1,2,5,11,3,7
2,27,71,1,5,7,28,2,12
2,27,72,1,2,8,14,6,10
2,27,73,1,6,9,33,3,15
2,27,74,0,6,7,31,1,13
2,27,75,1,1,6,5,5,7
2,27,76,1,4,8,25,4,12
2,27,77,1,2,3,9,1,5
2,27,78,1,4,6,23,2,10
2,27,79,1,4,5,22,1,9
2,27,80,0,3,8,20,5,11
2,27,81,1,7,8,34,1,15
2,27,82,1,2,8,14,6,10
2,27,83,0,3,5,17,2,8
2,27,84,1,8,9,36,1,17
2,27,85,0,3,7,19,4,10
2,27,86,1,1,2,1,1,3
2,27,87,1,4,9,26,5,13
2,27,88,1,4,7,24,3,11
2,27,89,0,3,4,16,1,7
2,27,90,1,5,8,29,3,13
2,27,91,1,2,7,13,5,9
2,27,92,1,1,7,6,6,8
2,27,93,1,2,4,10,2,6
2,27,94,1,5,9,30,4,14
2,27,95,1,1,4,3,3,5
2,27,96,1,1,3,2,2,4
2,27,97,1,7,9,35,2,16
2,27,98,1,3,9,21,6,12
2,27,99,1,3,6,18,3,9
2,27,100,1,2,5,11,3,7
2,27,101,1,6,8,32,2,14
2,27,102,0,5,6,27,1,11
2,27,103,1,2,9,15,7,11
2,27,104,1,2,6,12,4,8
2,27,105,1,1,9,8,8,10
2,27,106,0,5,7,28,2,12
2,27,107,1,1,8,7,7,9
2,27,108,1,1,5,4,4,6
2,27,109,1,4,5,22,1,9
2,27,110,1,3,8,20,5,11
2,27,111,1,5,9,30,4,14
2,27,112,1,5,7,28,2,12
2,27,113,1,7,9,35,2,16
2,27,114,1,3,9,21,6,12
2,27,115,1,2,5,11,3,7
2,27,116,1,1,5,4,4,6
2,27,117,1,6,8,32,2,14
2,27,118,1,1,9,8,8,10
2,27,119,1,5,8,29,3,13
2,27,120,1,4,7,24,3,11
2,27,121,1,2,7,13,5,9
2,27,122,1,4,8,25,4,12
2,27,123,1,2,8,14,6,10
2,27,124,1,4,6,23,2,10
2,27,125,0,3,4,16,1,7
2,27,126,1,1,3,2,2,4
2,27,127,1,1,8,7,7,9
2,27,128,1,2,9,15,7,11
2,27,129,1,1,2,1,1,3
2,27,130,1,6,9,33,3,15
2,27,131,1,3,7,19,4,10
2,27,132,1,3,5,17,2,8
2,27,133,1,2,3,9,1,5
2,27,134,1,2,6,12,4,8
2,27,135,1,5,6,27,1,11
2,27,136,1,1,6,5,5,7
2,27,137,1,3,6,18,3,9
2,27,138,0,6,7,31,1,13
2,27,139,1,1,7,6,6,8
2,27,140,1,7,8,34,1,15
2,27,141,1,2,4,10,2,6
2,27,142,1,4,9,26,5,13
2,27,143,1,8,9,36,1,17
2,27,144,1,1,4,3,3,5
2,28,1,0,6,8,32,2,14
2,28,2,1,4,5,22,1,9
2,28,3,0,2,3,9,1,5
2,28,4,0,3,4,16,1,7
2,28,5,0,1,4,3,3,5
2,28,6,0,1,5,4,4,6
2,28,7,0,4,6,23,2,10
2,28,8,1,2,5,11,3,7
2,28,9,0,3,7,19,4,10
2,28,10,0,1,3,2,2,4
2,28,11,0,4,8,25,4,12
2,28,12,0,5,6,27,1,11
2,28,13,1,5,7,28,2,12
2,28,14,0,6,7,31,1,13
2,28,15,0,4,7,24,3,11
2,28,16,0,8,9,36,1,17
2,28,17,0,3,5,17,2,8
2,28,18,1,4,9,26,5,13
2,28,19,0,1,7,6,6,8
2,28,20,0,1,9,8,8,10
2,28,21,1,1,8,7,7,9
2,28,22,1,1,2,1,1,3
2,28,23,1,3,6,18,3,9
2,28,24,1,2,8,14,6,10
2,28,25,1,2,6,12,4,8
2,28,26,1,3,9,21,6,12
2,28,27,1,5,8,29,3,13
2,28,28,1,1,6,5,5,7
2,28,29,1,6,9,33,3,15
2,28,30,1,2,4,10,2,6
2,28,31,0,7,8,34,1,15
2,28,32,1,2,7,13,5,9
2,28,33,1,3,8,20,5,11
2,28,34,1,2,9,15,7,11
2,28,35,0,7,9,35,2,16
2,28,36,0,5,9,30,4,14
2,28,37,1,2,3,9,1,5
2,28,38,0,5,8,29,3,13
2,28,39,1,1,8,7,7,9
2,28,40,1,6,7,31,1,13
2,28,41,1,6,8,32,2,14
2,28,42,1,4,7,24,3,11
2,28,43,1,8,9,36,1,17
2,28,44,1,3,7,19,4,10
2,28,45,1,1,5,4,4,6
2,28,46,1,6,9,33,3,15
2,28,47,1,2,6,12,4,8
2,28,48,1,1,6,5,5,7
2,28,49,1,7,9,35,2,16
2,28,50,1,1,4,3,3,5
2,28,51,1,3,9,21,6,12
2,28,52,1,2,8,14,6,10
2,28,53,1,2,4,10,2,6
2,28,54,1,1,9,8,8,10
2,28,55,0,5,6,27,1,11
2,28,56,0,3,6,18,3,9
2,28,57,1,1,3,2,2,4
2,28,58,1,1,2,1,1,3
2,28,59,1,4,8,25,4,12
2,28,60,0,7,8,34,1,15
2,28,61,1,4,5,22,1,9
2,28,62,1,3,8,20,5,11
2,28,63,0,5,7,28,2,12
2,28,64,1,5,9,30,4,14
2,28,65,1,3,4,16,1,7
2,28,66,1,3,5,17,2,8
2,28,67,1,2,9,15,7,11
2,28,68,1,2,7,13,5,9
2,28,69,1,4,6,23,2,10
2,28,70,1,2,5,11,3,7
2,28,71,1,4,9,26,5,13
2,28,72,1,1,7,6,6,8
2,28,73,1,1,5,4,4,6
2,28,74,1,4,6,23,2,10
2,28,75,1,1,3,2,2,4
2,28,76,1,2,7,13,5,9
2,28,77,1,1,6,5,5,7
2,28,78,1,6,9,33,3,15
2,28,79,1,4,8,25,4,12
2,28,80,1,2,6,12,4,8
2,28,81,1,2,3,9,1,5
2,28,82,1,2,4,10,2,6
2,28,83,1,1,7,6,6,8
2,28,84,1,7,9,35,2,16
2,28,85,1,2,5,11,3,7
2,28,86,1,6,8,32,2,14
2,28,87,1,4,7,24,3,11
2,28,88,1,2,9,15,7,11
2,28,89,1,2,8,14,6,10
2,28,90,0,5,6,27,1,11
2,28,91,1,5,9,30,4,14
2,28,92,0,7,8,34,1,15
2,28,93,1,5,8,29,3,13
2,28,94,1,8,9,36,1,17
2,28,95,1,6,7,31,1,13
2,28,96,1,4,5,22,1,9
2,28,97,1,3,6,18,3,9
2,28,98,1,3,7,19,4,10
2,28,99,1,3,5,17,2,8
2,28,100,1,1,9,8,8,10
2,28,101,1,4,9,26,5,13
2,28,102,1,1,8,7,7,9
2,28,103,1,5,7,28,2,12
2,28,104,1,1,2,1,1,3
2,28,105,1,3,8,20,5,11
2,28,106,1,1,4,3,3,5
2,28,107,1,3,9,21,6,12
2,28,108,1,3,4,16,1,7
2,28,109,1,1,2,1,1,3
2,28,110,1,1,7,6,6,8
2,28,111,1,3,5,17,2,8
2,28,112,1,6,8,32,2,14
2,28,113,1,1,4,3,3,5
2,28,114,0,2,4,10,2,6
2,28,115,0,3,4,16,1,7
2,28,116,1,5,9,30,4,14
2,28,117,1,3,6,18,3,9
2,28,118,1,4,7,24,3,11
2,28,119,1,1,3,2,2,4
2,28,120,1,2,8,14,6,10
2,28,121,1,7,8,34,1,15
2,28,122,0,5,6,27,1,11
2,28,123,1,5,8,29,3,13
2,28,124,1,6,7,31,1,13
2,28,125,1,1,8,7,7,9
2,28,126,1,2,5,11,3,7
2,28,127,0,2,3,9,1,5
2,28,128,1,5,7,28,2,12
2,28,129,1,3,8,20,5,11
2,28,130,1,1,5,4,4,6
2,28,131,1,4,8,25,4,12
2,28,132,1,1,6,5,5,7
2,28,133,1,7,9,35,2,16
2,28,134,1,6,9,33,3,15
2,28,135,0,2,6,12,4,8
2,28,136,1,2,7,13,5,9
2,28,137,1,3,9,21,6,12
2,28,138,1,2,9,15,7,11
2,28,139,1,4,9,26,5,13
2,28,140,1,8,9,36,1,17
2,28,141,1,1,9,8,8,10
2,28,142,1,3,7,19,4,10
2,28,143,1,4,6,23,2,10
2,28,144,1,4,5,22,1,9
2,29,1,0,2,7,13,5,9
2,29,2,1,6,9,33,3,15
2,29,3,0,3,6,18,3,9
2,29,4,0,3,8,20,5,11
2,29,5,1,4,8,25,4,12
2,29,6,0,1,6,5,5,7
2,29,7,1,4,7,24,3,11
2,29,8,1,7,9,35,2,16
2,29,9,0,1,9,8,8,10
2,29,10,1,1,2,1,1,3
2,29,11,1,1,7,6,6,8
2,29,12,0,6,8,32,2,14
2,29,13,0,3,7,19,4,10
2,29,14,0,1,3,2,2,4
2,29,15,0,5,7,28,2,12
2,29,16,0,2,6,12,4,8
2,29,17,0,2,5,11,3,7
2,29,18,0,3,4,16,1,7
2,29,19,0,5,9,30,4,14
2,29,20,1,1,5,4,4,6
2,29,21,1,3,5,17,2,8
2,29,22,0,4,5,22,1,9
2,29,23,0,2,8,14,6,10
2,29,24,1,3,9,21,6,12
2,29,25,0,2,3,9,1,5
2,29,26,1,1,4,3,3,5
2,29,27,1,4,9,26,5,13
2,29,28,0,6,7,31,1,13
2,29,29,1,5,6,27,1,11
2,29,30,0,8,9,36,1,17
2,29,31,0,5,8,29,3,13
2,29,32,1,2,4,10,2,6
2,29,33,1,7,8,34,1,15
2,29,34,1,1,8,7,7,9
2,29,35,1,2,9,15,7,11
2,29,36,1,4,6,23,2,10
2,29,37,1,2,3,9,1,5
2,29,38,0,3,4,16,1,7
2,29,39,1,3,8,20,5,11
2,29,40,1,1,4,3,3,5
2,29,41,1,4,6,23,2,10
2,29,42,1,1,5,4,4,6
2,29,43,1,1,2,1,1,3
2,29,44,1,7,9,35,2,16
2,29,45,1,7,8,34,1,15
2,29,46,0,3,7,19,4,10
2,29,47,0,5,8,29,3,13
2,29,48,1,2,6,12,4,8
2,29,49,0,3,6,18,3,9
2,29,50,1,4,9,26,5,13
2,29,51,1,1,3,2,2,4
2,29,52,1,1,8,7,7,9
2,29,53,1,6,8,32,2,14
2,29,54,0,8,9,36,1,17
2,29,55,1,6,9,33,3,15
2,29,56,1,2,7,13,5,9
2,29,57,1,1,7,6,6,8
2,29,58,1,1,6,5,5,7
2,29,59,0,5,7,28,2,12
2,29,60,0,4,7,24,3,11
2,29,61,0,5,9,30,4,14
2,29,62,1,3,9,21,6,12
2,29,63,0,2,4,10,2,6
2,29,64,0,4,5,22,1,9
2,29,65,1,3,5,17,2,8
2,29,66,0,5,6,27,1,11
2,29,67,1,2,9,15,7,11
2,29,68,0,6,7,31,1,13
2,29,69,1,2,5,11,3,7
2,29,70,1,1,9,8,8,10
2,29,71,1,2,8,14,6,10
2,29,72,1,4,8,25,4,12
2,29,73,1,4,7,24,3,11
2,29,74,1,4,6,23,2,10
2,29,75,1,2,7,13,5,9
2,29,76,1,2,6,12,4,8
2,29,77,1,1,3,2,2,4
2,29,78,1,2,3,9,1,5
2,29,79,1,1,6,5,5,7
2,29,80,1,1,8,7,7,9
2,29,81,1,1,2,1,1,3
2,29,82,1,3,8,20,5,11
2,29,83,0,5,9,30,4,14
2,29,84,1,7,8,34,1,15
2,29,85,0,6,8,32,2,14
2,29,86,0,3,7,19,4,10
2,29,87,0,2,4,10,2,6
2,29,88,1,6,7,31,1,13
2,29,89,1,5,7,28,2,12
2,29,90,1,7,9,35,2,16
2,29,91,1,3,9,21,6,12
2,29,92,1,3,6,18,3,9
2,29,93,1,1,9,8,8,10
2,29,94,1,8,9,36,1,17
2,29,95,1,1,4,3,3,5
2,29,96,1,2,5,11,3,7
2,29,97,1,4,8,25,4,12
2,29,98,0,5,6,27,1,11
2,29,99,1,4,9,26,5,13
2,29,100,1,3,5,17,2,8
2,29,101,1,5,8,29,3,13
2,29,102,1,2,9,15,7,11
2,29,103,1,2,8,14,6,10
2,29,104,0,6,9,33,3,15
2,29,105,1,3,4,16,1,7
2,29,106,0,4,5,22,1,9
2,29,107,1,1,5,4,4,6
2,29,108,1,1,7,6,6,8
2,29,109,1,8,9,36,1,17
2,29,110,1,4,5,22,1,9
2,29,111,1,6,7,31,1,13
2,29,112,1,3,9,21,6,12
2,29,113,1,1,8,7,7,9
2,29,114,1,2,7,13,5,9
2,29,115,1,3,7,19,4,10
2,29,116,1,1,2,1,1,3
2,29,117,1,7,8,34,1,15
2,29,118,1,1,7,6,6,8
2,29,119,1,4,6,23,2,10
2,29,120,1,5,6,27,1,11
2,29,121,1,2,9,15,7,11
2,29,122,1,1,3,2,2,4
2,29,123,1,3,6,18,3,9
2,29,124,0,2,4,10,2,6
2,29,125,1,6,8,32,2,14
2,29,126,1,1,9,8,8,10
2,29,127,1,3,4,16,1,7
2,29,128,1,4,8,25,4,12
2,29,129,1,3,5,17,2,8
2,29,130,1,1,6,5,5,7
2,29,131,1,7,9,35,2,16
2,29,132,1,2,5,11,3,7
2,29,133,1,4,9,26,5,13
2,29,134,1,4,7,24,3,11
2,29,135,1,3,8,20,5,11
2,29,136,1,1,4,3,3,5
2,29,137,1,2,8,14,6,10
2,29,138,1,5,7,28,2,12
2,29,139,1,5,9,30,4,14
2,29,140,1,2,6,12,4,8
2,29,141,1,1,5,4,4,6
2,29,142,1,6,9,33,3,15
2,29,143,1,5,8,29,3,13
2,29,144,1,2,3,9,1,5
2,30,1,1,5,9,30,4,14
2,30,2,1,1,9,8,8,10
2,30,3,0,2,3,9,1,5
2,30,4,1,4,9,26,5,13
2,30,5,0,4,5,22,1,9
2,30,6,0,1,2,1,1,3
2,30,7,1,3,5,17,2,8
2,30,8,1,1,8,7,7,9
2,30,9,1,1,6,5,5,7
2,30,10,0,5,8,29,3,13
2,30,11,1,6,8,32,2,14
2,30,12,1,1,4,3,3,5
2,30,13,0,3,8,20,5,11
2,30,14,1,4,8,25,4,12
2,30,15,1,6,9,33,3,15
2,30,16,0,3,6,18,3,9
2,30,17,0,7,8,34,1,15
2,30,18,0,2,8,14,6,10
2,30,19,1,4,7,24,3,11
2,30,20,1,1,7,6,6,8
2,30,21,0,5,7,28,2,12
2,30,22,0,7,9,35,2,16
2,30,23,0,8,9,36,1,17
2,30,24,0,2,6,12,4,8
2,30,25,0,2,7,13,5,9
2,30,26,1,4,6,23,2,10
2,30,27,0,2,9,15,7,11
2,30,28,1,3,7,19,4,10
2,30,29,1,1,5,4,4,6
2,30,30,1,3,9,21,6,12
2,30,31,1,1,3,2,2,4
2,30,32,0,5,6,27,1,11
2,30,33,1,3,4,16,1,7
2,30,34,0,6,7,31,1,13
2,30,35,0,2,5,11,3,7
2,30,36,0,2,4,10,2,6
2,30,37,1,1,8,7,7,9
2,30,38,1,3,9,21,6,12
2,30,39,1,2,4,10,2,6
2,30,40,1,5,7,28,2,12
2,30,41,0,5,8,29,3,13
2,30,42,1,2,8,14,6,10
2,30,43,1,2,9,15,7,11
2,30,44,0,6,9,33,3,15
2,30,45,1,3,7,19,4,10
2,30,46,0,2,7,13,5,9
2,30,47,1,2,5,11,3,7
2,30,48,1,5,6,27,1,11
2,30,49,1,3,6,18,3,9
2,30,50,1,7,9,35,2,16
2,30,51,1,1,7,6,6,8
2,30,52,1,3,5,17,2,8
2,30,53,0,2,3,9,1,5
2,30,54,1,4,5,22,1,9
2,30,55,1,4,7,24,3,11
2,30,56,1,1,9,8,8,10
2,30,57,1,1,5,4,4,6
2,30,58,1,3,4,16,1,7
2,30,59,1,1,6,5,5,7
2,30,60,1,4,9,26,5,13
2,30,61,1,5,9,30,4,14
2,30,62,0,7,8,34,1,15
2,30,63,1,4,8,25,4,12
2,30,64,1,6,7,31,1,13
2,30,65,0,6,8,32,2,14
2,30,66,1,1,3,2,2,4
2,30,67,1,2,6,12,4,8
2,30,68,1,1,2,1,1,3
2,30,69,1,3,8,20,5,11
2,30,70,1,8,9,36,1,17
2,30,71,0,4,6,23,2,10
2,30,72,1,1,4,3,3,5
2,30,73,1,6,7,31,1,13
2,30,74,0,2,4,10,2,6
2,30,75,1,1,4,3,3,5
2,30,76,1,5,8,29,3,13
2,30,77,1,2,9,15,7,11
2,30,78,1,1,5,4,4,6
2,30,79,0,7,9,35,2,16
2,30,80,0,2,6,12,4,8
2,30,81,0,4,9,26,5,13
2,30,82,1,3,8,20,5,11
2,30,83,1,3,4,16,1,7
2,30,84,1,3,5,17,2,8
2,30,85,1,4,8,25,4,12
2,30,86,1,8,9,36,1,17
2,30,87,0,2,8,14,6,10
2,30,88,1,2,7,13,5,9
2,30,89,1,3,9,21,6,12
2,30,90,1,1,6,5,5,7
2,30,91,1,1,8,7,7,9
2,30,92,1,3,6,18,3,9
2,30,93,1,4,6,23,2,10
2,30,94,1,1,2,1,1,3
2,30,95,1,5,9,30,4,14
2,30,96,1,4,5,22,1,9
2,30,97,1,3,7,19,4,10
2,30,98,1,5,6,27,1,11
2,30,99,0,2,3,9,1,5
2,30,100,1,1,3,2,2,4
2,30,101,1,1,7,6,6,8
2,30,102,1,4,7,24,3,11
2,30,103,1,5,7,28,2,12
2,30,104,1,6,9,33,3,15
2,30,105,1,7,8,34,1,15
2,30,106,1,1,9,8,8,10
2,30,107,0,6,8,32,2,14
2,30,108,0,2,5,11,3,7
2,30,109,1,4,7,24,3,11
2,30,110,1,5,9,30,4,14
2,30,111,1,1,6,5,5,7
2,30,112,1,4,6,23,2,10
2,30,113,1,1,4,3,3,5
2,30,114,0,2,5,11,3,7
2,30,115,1,3,5,17,2,8
2,30,116,1,1,9,8,8,10
2,30,117,1,5,6,27,1,11
2,30,118,0,2,4,10,2,6
2,30,119,1,6,7,31,1,13
2,30,120,0,3,4,16,1,7
2,30,121,1,4,8,25,4,12
2,30,122,1,6,9,33,3,15
2,30,123,1,6,8,32,2,14
2,30,124,1,3,9,21,6,12
2,30,125,0,2,6,12,4,8
2,30,126,1,1,7,6,6,8
2,30,127,1,3,7,19,4,10
2,30,128,1,1,2,1,1,3
2,30,129,0,5,7,28,2,12
2,30,130,1,1,8,7,7,9
2,30,131,1,1,3,2,2,4
2,30,132,1,4,9,26,5,13
2,30,133,0,2,3,9,1,5
2,30,134,0,7,9,35,2,16
2,30,135,0,5,8,29,3,13
2,30,136,1,2,8,14,6,10
2,30,137,0,3,6,18,3,9
2,30,138,1,4,5,22,1,9
2,30,139,1,7,8,34,1,15
2,30,140,1,1,5,4,4,6
2,30,141,1,8,9,36,1,17
2,30,142,1,2,7,13,5,9
2,30,143,1,2,9,15,7,11
2,30,144,1,3,8,20,5,11
2,31,1,0,8,9,36,1,17
2,31,2,1,6,9,33,3,15
2,31,3,1,1,3,2,2,4
2,31,4,0,4,6,23,2,10
2,31,5,0,3,8,20,5,11
2,31,6,1,5,6,27,1,11
2,31,7,0,4,5,22,1,9
2,31,8,1,1,4,3,3,5
2,31,9,1,3,9,21,6,12
2,31,10,1,1,6,5,5,7
2,31,11,0,7,8,34,1,15
2,31,12,1,2,4,10,2,6
2,31,13,1,5,8,29,3,13
2,31,14,1,3,6,18,3,9
2,31,15,1,6,7,31,1,13
2,31,16,1,2,6,12,4,8
2,31,17,1,2,3,9,1,5
2,31,18,1,2,8,14,6,10
2,31,19,1,2,7,13,5,9
2,31,20,1,3,5,17,2,8
2,31,21,1,1,7,6,6,8
2,31,22,1,1,5,4,4,6
2,31,23,1,5,7,28,2,12
2,31,24,1,3,7,19,4,10
2,31,25,0,4,8,25,4,12
2,31,26,0,4,7,24,3,11
2,31,27,0,4,9,26,5,13
2,31,28,1,2,9,15,7,11
2,31,29,1,6,8,32,2,14
2,31,30,1,7,9,35,2,16
2,31,31,0,2,5,11,3,7
2,31,32,1,1,9,8,8,10
2,31,33,0,1,2,1,1,3
2,31,34,1,1,8,7,7,9
2,31,35,0,5,9,30,4,14
2,31,36,1,3,4,16,1,7
2,31,37,1,2,8,14,6,10
2,31,38,1,2,7,13,5,9
2,31,39,1,7,9,35,2,16
2,31,40,1,3,6,18,3,9
2,31,41,0,5,7,28,2,12
2,31,42,0,1,3,2,2,4
2,31,43,0,1,6,5,5,7
2,31,44,1,5,9,30,4,14
2,31,45,1,2,3,9,1,5
2,31,46,0,1,2,1,1,3
2,31,47,0,1,7,6,6,8
2,31,48,0,4,5,22,1,9
2,31,49,1,2,5,11,3,7
2,31,50,0,4,7,24,3,11
2,31,51,0,4,8,25,4,12
2,31,52,0,3,5,17,2,8
2,31,53,0,6,8,32,2,14
2,31,54,0,4,6,23,2,10
2,31,55,0,6,9,33,3,15
2,31,56,0,1,5,4,4,6
2,31,57,1,3,8,20,5,11
2,31,58,1,3,7,19,4,10
2,31,59,1,2,9,15,7,11
2,31,60,1,5,8,29,3,13
2,31,61,1,2,4,10,2,6
2,31,62,1,8,9,36,1,17
2,31,63,1,5,6,27,1,11
2,31,64,1,1,8,7,7,9
2,31,65,1,1,9,8,8,10
2,31,66,1,3,4,16,1,7
2,31,67,1,2,6,12,4,8
2,31,68,0,4,9,26,5,13
2,31,69,1,3,9,21,6,12
2,31,70,1,1,4,3,3,5
2,31,71,1,7,8,34,1,15
2,31,72,0,6,7,31,1,13
2,31,73,0,4,6,23,2,10
2,31,74,1,4,5,22,1,9
2,31,75,0,6,7,31,1,13
2,31,76,1,2,3,9,1,5
2,31,77,1,2,9,15,7,11
2,31,78,1,4,8,25,4,12
2,31,79,1,4,7,24,3,11
2,31,80,1,2,6,12,4,8
2,31,81,1,1,5,4,4,6
2,31,82,1,5,9,30,4,14
2,31,83,1,3,4,16,1,7
2,31,84,1,5,8,29,3,13
2,31,85,0,1,3,2,2,4
2,31,86,1,2,5,11,3,7
2,31,87,1,1,4,3,3,5
2,31,88,1,4,9,26,5,13
2,31,89,1,1,8,7,7,9
2,31,90,0,6,9,33,3,15
2,31,91,1,2,8,14,6,10
2,31,92,1,1,9,8,8,10
2,31,93,1,3,9,21,6,12
2,31,94,1,1,7,6,6,8
2,31,95,1,3,5,17,2,8
2,31,96,1,7,8,34,1,15
2,31,97,1,3,7,19,4,10
2,31,98,1,7,9,35,2,16
2,31,99,1,3,6,18,3,9
2,31,100,1,3,8,20,5,11
2,31,101,1,5,6,27,1,11
2,31,102,0,1,2,1,1,3
2,31,103,1,2,4,10,2,6
2,31,104,1,5,7,28,2,12
2,31,105,0,8,9,36,1,17
2,31,106,1,6,8,32,2,14
2,31,107,1,2,7,13,5,9
2,31,108,1,1,6,5,5,7
2,31,109,1,7,8,34,1,15
2,31,110,1,1,8,7,7,9
2,31,111,1,1,2,1,1,3
2,31,112,0,8,9,36,1,17
2,31,113,0,4,5,22,1,9
2,31,114,1,1,7,6,6,8
2,31,115,1,7,9,35,2,16
2,31,116,1,3,9,21,6,12
2,31,117,1,2,3,9,1,5
2,31,118,1,3,4,16,1,7
2,31,119,1,2,9,15,7,11
2,31,120,1,2,5,11,3,7
2,31,121,1,2,7,13,5,9
2,31,122,1,2,8,14,6,10
2,31,123,1,3,8,20,5,11
2,31,124,1,6,8,32,2,14
2,31,125,1,3,6,18,3,9
2,31,126,1,4,8,25,4,12
2,31,127,1,1,6,5,5,7
2,31,128,1,1,5,4,4,6
2,31,129,1,4,6,23,2,10
2,31,130,1,2,6,12,4,8
2,31,131,1,5,7,28,2,12
2,31,132,1,3,5,17,2,8
2,31,133,1,4,7,24,3,11
2,31,134,1,6,9,33,3,15
2,31,135,1,1,4,3,3,5
2,31,136,1,3,7,19,4,10
2,31,137,1,1,9,8,8,10
2,31,138,1,2,4,10,2,6
2,31,139,1,5,8,29,3,13
2,31,140,1,5,6,27,1,11
2,31,141,0,6,7,31,1,13
2,31,142,1,5,9,30,4,14
2,31,143,0,1,3,2,2,4
2,31,144,1,4,9,26,5,13
2,32,1,0,4,5,22,1,9
2,32,2,1,2,4,10,2,6
2,32,3,1,6,8,32,2,14
2,32,4,1,1,3,2,2,4
2,32,5,0,1,2,1,1,3
2,32,6,1,3,7,19,4,10
2,32,7,1,2,5,11,3,7
2,32,8,1,3,6,18,3,9
2,32,9,0,5,8,29,3,13
2,32,10,0,5,9,30,4,14
2,32,11,0,5,6,27,1,11
2,32,12,1,2,9,15,7,11
2,32,13,1,6,9,33,3,15
2,32,14,1,1,5,4,4,6
2,32,15,1,1,6,5,5,7
2,32,16,0,4,7,24,3,11
2,32,17,0,2,3,9,1,5
2,32,18,1,1,7,6,6,8
2,32,19,1,1,8,7,7,9
2,32,20,1,8,9,36,1,17
2,32,21,0,4,8,25,4,12
2,32,22,1,3,5,17,2,8
2,32,23,1,7,9,35,2,16
2,32,24,0,4,9,26,5,13
2,32,25,1,2,7,13,5,9
2,32,26,1,3,9,21,6,12
2,32,27,1,3,4,16,1,7
2,32,28,1,6,7,31,1,13
2,32,29,1,2,8,14,6,10
2,32,30,1,1,9,8,8,10
2,32,31,1,4,6,23,2,10
2,32,32,0,1,4,3,3,5
2,32,33,1,2,6,12,4,8
2,32,34,0,5,7,28,2,12
2,32,35,1,7,8,34,1,15
2,32,36,1,3,8,20,5,11
2,32,37,1,2,8,14,6,10
2,32,38,0,5,8,29,3,13
2,32,39,0,1,3,2,2,4
2,32,40,0,4,5,22,1,9
2,32,41,1,6,8,32,2,14
2,32,42,1,6,9,33,3,15
2,32,43,0,3,4,16,1,7
2,32,44,1,1,5,4,4,6
2,32,45,0,4,6,23,2,10
2,32,46,1,6,7,31,1,13
2,32,47,0,5,6,27,1,11
2,32,48,0,1,2,1,1,3
2,32,49,1,3,7,19,4,10
2,32,50,1,1,7,6,6,8
2,32,51,1,3,6,18,3,9
2,32,52,1,3,9,21,6,12
2,32,53,1,3,5,17,2,8
2,32,54,0,5,7,28,2,12
2,32,55,1,2,7,13,5,9
2,32,56,1,2,3,9,1,5
2,32,57,1,3,8,20,5,11
2,32,58,0,5,9,30,4,14
2,32,59,0,1,9,8,8,10
2,32,60,1,2,6,12,4,8
2,32,61,1,4,7,24,3,11
2,32,62,1,4,8,25,4,12
2,32,63,1,1,8,7,7,9
2,32,64,1,8,9,36,1,17
2,32,65,0,1,4,3,3,5
2,32,66,1,1,6,5,5,7
2,32,67,1,2,9,15,7,11
2,32,68,1,2,4,10,2,6
2,32,69,1,4,9,26,5,13
2,32,70,0,7,8,34,1,15
2,32,71,0,7,9,35,2,16
2,32,72,1,2,5,11,3,7
2,32,73,1,6,8,32,2,14
2,32,74,1,3,7,19,4,10
2,32,75,1,4,5,22,1,9
2,32,76,1,1,7,6,6,8
2,32,77,1,8,9,36,1,17
2,32,78,0,4,6,23,2,10
2,32,79,1,6,7,31,1,13
2,32,80,1,5,9,30,4,14
2,32,81,1,4,8,25,4,12
2,32,82,1,2,3,9,1,5
2,32,83,1,2,7,13,5,9
2,32,84,1,4,9,26,5,13
2,32,85,1,2,6,12,4,8
2,32,86,1,1,6,5,5,7
2,32,87,0,1,2,1,1,3
2,32,88,0,5,8,29,3,13
2,32,89,1,4,7,24,3,11
2,32,90,1,2,8,14,6,10
2,32,91,1,1,8,7,7,9
2,32,92,0,7,8,34,1,15
2,32,93,1,3,5,17,2,8
2,32,94,1,7,9,35,2,16
2,32,95,1,3,9,21,6,12
2,32,96,1,3,4,16,1,7
2,32,97,0,5,7,28,2,12
2,32,98,1,2,9,15,7,11
2,32,99,0,1,4,3,3,5
2,32,100,1,6,9,33,3,15
2,32,101,1,3,8,20,5,11
2,32,102,1,1,9,8,8,10
2,32,103,1,1,5,4,4,6
2,32,104,1,2,4,10,2,6
2,32,105,0,5,6,27,1,11
2,32,106,1,3,6,18,3,9
2,32,107,0,1,3,2,2,4
2,32,108,1,2,5,11,3,7
2,32,109,1,1,3,2,2,4
2,32,110,1,3,4,16,1,7
2,32,111,1,3,6,18,3,9
2,32,112,1,4,8,25,4,12
2,32,113,1,3,7,19,4,10
2,32,114,1,1,4,3,3,5
2,32,115,0,5,8,29,3,13
2,32,116,1,7,9,35,2,16
2,32,117,1,2,7,13,5,9
2,32,118,1,2,5,11,3,7
2,32,119,1,4,9,26,5,13
2,32,120,1,1,7,6,6,8
2,32,121,1,1,6,5,5,7
2,32,122,1,5,6,27,1,11
2,32,123,1,4,6,23,2,10
2,32,124,1,6,7,31,1,13
2,32,125,1,3,8,20,5,11
2,32,126,1,6,8,32,2,14
2,32,127,1,7,8,34,1,15
2,32,128,1,5,7,28,2,12
2,32,129,1,2,6,12,4,8
2,32,130,1,3,5,17,2,8
2,32,131,1,3,9,21,6,12
2,32,132,1,1,9,8,8,10
2,32,133,1,2,8,14,6,10
2,32,134,0,4,5,22,1,9
2,32,135,1,2,3,9,1,5
2,32,136,1,5,9,30,4,14
2,32,137,0,8,9,36,1,17
2,32,138,0,6,9,33,3,15
2,32,139,0,1,2,1,1,3
2,32,140,1,1,8,7,7,9
2,32,141,1,1,5,4,4,6
2,32,142,1,2,9,15,7,11
2,32,143,1,2,4,10,2,6
2,32,144,1,4,7,24,3,11
2,33,1,1,6,9,33,3,15
2,33,2,1,1,2,1,1,3
2,33,3,0,2,7,13,5,9
2,33,4,0,1,8,7,7,9
2,33,5,0,3,5,17,2,8
2,33,6,1,6,8,32,2,14
2,33,7,1,1,3,2,2,4
2,33,8,0,5,9,30,4,14
2,33,9,1,5,8,29,3,13
2,33,10,0,7,9,35,2,16
2,33,11,0,1,6,5,5,7
2,33,12,0,1,4,3,3,5
2,33,13,1,2,8,14,6,10
2,33,14,1,4,7,24,3,11
2,33,15,1,2,3,9,1,5
2,33,16,1,2,6,12,4,8
2,33,17,1,6,7,31,1,13
2,33,18,1,1,9,8,8,10
2,33,19,0,3,9,21,6,12
2,33,20,0,3,4,16,1,7
2,33,21,1,1,7,6,6,8
2,33,22,1,2,9,15,7,11
2,33,23,1,2,5,11,3,7
2,33,24,1,2,4,10,2,6
2,33,25,0,4,8,25,4,12
2,33,26,0,8,9,36,1,17
2,33,27,0,3,6,18,3,9
2,33,28,1,3,8,20,5,11
2,33,29,1,3,7,19,4,10
2,33,30,1,4,5,22,1,9
2,33,31,0,5,6,27,1,11
2,33,32,0,4,6,23,2,10
2,33,33,1,4,9,26,5,13
2,33,34,1,5,7,28,2,12
2,33,35,0,1,5,4,4,6
2,33,36,1,7,8,34,1,15
2,33,37,0,1,5,4,4,6
2,33,38,1,1,3,2,2,4
2,33,39,1,5,6,27,1,11
2,33,40,1,3,6,18,3,9
2,33,41,1,2,8,14,6,10
2,33,42,1,1,7,6,6,8
2,33,43,1,3,4,16,1,7
2,33,44,0,6,7,31,1,13
2,33,45,0,5,7,28,2,12
2,33,46,1,1,9,8,8,10
2,33,47,0,4,8,25,4,12
2,33,48,1,7,9,35,2,16
2,33,49,1,6,8,32,2,14
2,33,50,1,2,9,15,7,11
2,33,51,1,2,4,10,2,6
2,33,52,0,6,9,33,3,15
2,33,53,0,4,9,26,5,13
2,33,54,1,7,8,34,1,15
2,33,55,1,3,9,21,6,12
2,33,56,0,4,7,24,3,11
2,33,57,1,2,6,12,4,8
2,33,58,1,3,8,20,5,11
2,33,59,1,3,7,19,4,10
2,33,60,1,5,8,29,3,13
2,33,61,1,2,5,11,3,7
2,33,62,0,4,6,23,2,10
2,33,63,1,2,3,9,1,5
2,33,64,1,2,7,13,5,9
2,33,65,0,4,5,22,1,9
2,33,66,0,1,2,1,1,3
2,33,67,1,8,9,36,1,17
2,33,68,1,1,4,3,3,5
2,33,69,1,5,9,30,4,14
2,33,70,1,3,5,17,2,8
2,33,71,1,1,8,7,7,9
2,33,72,1,1,6,5,5,7
2,33,73,1,6,7,31,1,13
2,33,74,1,3,4,16,1,7
2,33,75,1,2,9,15,7,11
2,33,76,1,3,6,18,3,9
2,33,77,1,5,9,30,4,14
2,33,78,0,5,8,29,3,13
2,33,79,1,2,5,11,3,7
2,33,80,1,1,8,7,7,9
2,33,81,0,4,6,23,2,10
2,33,82,1,1,4,3,3,5
2,33,83,1,6,8,32,2,14
2,33,84,1,3,7,19,4,10
2,33,85,0,1,3,2,2,4
2,33,86,1,4,8,25,4,12
2,33,87,1,1,5,4,4,6
2,33,88,1,6,9,33,3,15
2,33,89,1,4,9,26,5,13
2,33,90,1,3,5,17,2,8
2,33,91,0,1,2,1,1,3
2,33,92,1,1,9,8,8,10
2,33,93,1,5,7,28,2,12
2,33,94,1,1,7,6,6,8
2,33,95,1,2,8,14,6,10
2,33,96,1,1,6,5,5,7
2,33,97,1,5,6,27,1,11
2,33,98,1,8,9,36,1,17
2,33,99,1,2,4,10,2,6
2,33,100,0,7,8,34,1,15
2,33,101,1,2,7,13,5,9
2,33,102,1,7,9,35,2,16
2,33,103,1,2,6,12,4,8
2,33,104,1,3,9,21,6,12
2,33,105,0,4,7,24,3,11
2,33,106,1,2,3,9,1,5
2,33,107,1,3,8,20,5,11
2,33,108,1,4,5,22,1,9
2,33,109,1,2,7,13,5,9
2,33,110,1,3,8,20,5,11
2,33,111,1,5,9,30,4,14
2,33,112,1,3,6,18,3,9
2,33,113,1,4,6,23,2,10
2,33,114,1,1,9,8,8,10
2,33,115,1,2,3,9,1,5
2,33,116,1,2,8,14,6,10
2,33,117,1,2,4,10,2,6
2,33,118,1,2,6,12,4,8
2,33,119,1,3,7,19,4,10
2,33,120,1,6,7,31,1,13
2,33,121,1,1,5,4,4,6
2,33,122,1,5,7,28,2,12
2,33,123,1,7,8,34,1,15
2,33,124,1,7,9,35,2,16
2,33,125,1,3,4,16,1,7
2,33,126,1,1,7,6,6,8
2,33,127,1,3,9,21,6,12
2,33,128,1,5,8,29,3,13
2,33,129,1,1,2,1,1,3
2,33,130,1,8,9,36,1,17
2,33,131,1,4,5,22,1,9
2,33,132,1,6,8,32,2,14
2,33,133,0,3,5,17,2,8
2,33,134,1,1,4,3,3,5
2,33,135,1,1,6,5,5,7
2,33,136,1,2,9,15,7,11
2,33,137,0,1,3,2,2,4
2,33,138,1,4,8,25,4,12
2,33,139,0,5,6,27,1,11
2,33,140,1,4,7,24,3,11
2,33,141,1,1,8,7,7,9
2,33,142,1,6,9,33,3,15
2,33,143,1,4,9,26,5,13
2,33,144,1,2,5,11,3,7
2,34,1,0,3,9,21,6,12
2,34,2,1,1,9,8,8,10
2,34,3,0,4,5,22,1,9
2,34,4,1,5,6,27,1,11
2,34,5,1,4,9,26,5,13
2,34,6,1,5,7,28,2,12
2,34,7,0,2,4,10,2,6
2,34,8,0,4,7,24,3,11
2,34,9,1,2,6,12,4,8
2,34,10,1,7,8,34,1,15
2,34,11,1,3,6,18,3,9
2,34,12,1,7,9,35,2,16
2,34,13,1,3,5,17,2,8
2,34,14,1,1,2,1,1,3
2,34,15,1,8,9,36,1,17
2,34,16,1,5,9,30,4,14
2,34,17,1,6,9,33,3,15
2,34,18,1,2,3,9,1,5
2,34,19,1,2,8,14,6,10
2,34,20,1,2,9,15,7,11
2,34,21,0,1,5,4,4,6
2,34,22,1,1,8,7,7,9
2,34,23,1,1,4,3,3,5
2,34,24,1,1,6,5,5,7
2,34,25,1,6,8,32,2,14
2,34,26,0,3,8,20,5,11
2,34,27,1,2,7,13,5,9
2,34,28,0,5,8,29,3,13
2,34,29,0,3,4,16,1,7
2,34,30,1,2,5,11,3,7
2,34,31,1,3,7,19,4,10
2,34,32,0,1,7,6,6,8
2,34,33,1,1,3,2,2,4
2,34,34,1,6,7,31,1,13
2,34,35,0,4,8,25,4,12
2,34,36,0,4,6,23,2,10
2,34,37,1,7,8,34,1,15
2,34,38,0,1,5,4,4,6
2,34,39,1,5,7,28,2,12
2,34,40,0,4,7,24,3,11
2,34,41,1,3,6,18,3,9
2,34,42,1,6,9,33,3,15
2,34,43,1,1,9,8,8,10
2,34,44,1,3,4,16,1,7
2,34,45,1,1,3,2,2,4
2,34,46,1,1,4,3,3,5
2,34,47,1,8,9,36,1,17
2,34,48,1,2,7,13,5,9
2,34,49,1,5,9,30,4,14
2,34,50,1,2,4,10,2,6
2,34,51,0,5,6,27,1,11
2,34,52,1,2,3,9,1,5
2,34,53,1,4,8,25,4,12
2,34,54,1,6,8,32,2,14
2,34,55,0,2,5,11,3,7
2,34,56,0,4,6,23,2,10
2,34,57,1,1,7,6,6,8
2,34,58,1,4,9,26,5,13
2,34,59,1,1,8,7,7,9
2,34,60,1,3,8,20,5,11
2,34,61,1,3,9,21,6,12
2,34,62,1,5,8,29,3,13
2,34,63,1,2,8,14,6,10
2,34,64,1,2,9,15,7,11
2,34,65,0,1,2,1,1,3
2,34,66,1,7,9,35,2,16
2,34,67,0,6,7,31,1,13
2,34,68,0,4,5,22,1,9
2,34,69,1,3,7,19,4,10
2,34,70,1,3,5,17,2,8
2,34,71,1,1,6,5,5,7
2,34,72,1,2,6,12,4,8
2,34,73,0,4,7,24,3,11
2,34,74,0,1,3,2,2,4
2,34,75,1,3,6,18,3,9
2,34,76,1,1,4,3,3,5
2,34,77,1,2,4,10,2,6
2,34,78,1,2,6,12,4,8
2,34,79,1,5,7,28,2,12
2,34,80,1,5,6,27,1,11
2,34,81,1,2,7,13,5,9
2,34,82,1,6,7,31,1,13
2,34,83,1,2,9,15,7,11
2,34,84,1,6,8,32,2,14
2,34,85,0,7,8,34,1,15
2,34,86,1,5,8,29,3,13
2,34,87,1,6,9,33,3,15
2,34,88,1,1,9,8,8,10
2,34,89,1,5,9,30,4,14
2,34,90,1,3,4,16,1,7
2,34,91,1,3,7,19,4,10
2,34,92,0,4,5,22,1,9
2,34,93,1,2,8,14,6,10
2,34,94,0,8,9,36,1,17
2,34,95,1,1,5,4,4,6
2,34,96,1,2,3,9,1,5
2,34,97,0,4,6,23,2,10
2,34,98,1,3,9,21,6,12
2,34,99,1,3,8,20,5,11
2,34,100,1,3,5,17,2,8
2,34,101,1,1,6,5,5,7
2,34,102,1,4,9,26,5,13
2,34,103,0,1,2,1,1,3
2,34,104,1,7,9,35,2,16
2,34,105,1,1,7,6,6,8
2,34,106,1,4,8,25,4,12
2,34,107,1,2,5,11,3,7
2,34,108,1,1,8,7,7,9
2,34,109,1,1,5,4,4,6
2,34,110,0,1,2,1,1,3
2,34,111,0,5,6,27,1,11
2,34,112,1,1,6,5,5,7
2,34,113,1,1,7,6,6,8
2,34,114,1,3,6,18,3,9
2,34,115,1,6,8,32,2,14
2,34,116,1,2,9,15,7,11
2,34,117,1,2,8,14,6,10
2,34,118,1,2,6,12,4,8
2,34,119,1,7,9,35,2,16
2,34,120,1,3,4,16,1,7
2,34,121,0,4,6,23,2,10
2,34,122,1,1,4,3,3,5
2,34,123,1,5,8,29,3,13
2,34,124,1,8,9,36,1,17
2,34,125,1,3,7,19,4,10
2,34,126,1,1,8,7,7,9
2,34,127,1,3,5,17,2,8
2,34,128,1,4,7,24,3,11
2,34,129,0,2,5,11,3,7
2,34,130,1,4,8,25,4,12
2,34,131,0,2,3,9,1,5
2,34,132,1,1,9,8,8,10
2,34,133,1,6,9,33,3,15
2,34,134,1,3,8,20,5,11
2,34,135,0,4,5,22,1,9
2,34,136,1,2,7,13,5,9
2,34,137,1,7,8,34,1,15
2,34,138,1,3,9,21,6,12
2,34,139,0,6,7,31,1,13
2,34,140,1,1,3,2,2,4
2,34,141,0,4,9,26,5,13
2,34,142,1,5,7,28,2,12
2,34,143,1,5,9,30,4,14
2,34,144,1,2,4,10,2,6
3,1,1,0,7,9,35,2,16
3,1,2,0,3,5,17,2,8
3,1,3,1,4,7,24,3,11
3,1,4,0,2,7,13,5,9
3,1,5,0,5,6,27,1,11
3,1,6,0,3,8,20,5,11
3,1,7,0,6,7,31,1,13
3,1,8,1,1,7,6,6,8
3,1,9,0,2,8,14,6,10
3,1,10,1,4,6,23,2,10
3,1,11,0,6,8,32,2,14
3,1,12,0,5,8,29,3,13
3,1,13,1,3,6,18,3,9
3,1,14,1,1,2,1,1,3
3,1,15,0,6,9,33,3,15
3,1,16,0,2,5,11,3,7
3,1,17,1,1,5,4,4,6
3,1,18,0,2,9,15,7,11
3,1,19,1,4,9,26,5,13
3,1,20,0,3,4,16,1,7
3,1,21,1,4,5,22,1,9
3,1,22,1,1,3,2,2,4
3,1,23,0,2,3,9,1,5
3,1,24,1,4,8,25,4,12
3,1,25,1,3,7,19,4,10
3,1,26,0,5,9,30,4,14
3,1,27,0,5,7,28,2,12
3,1,28,1,1,9,8,8,10
3,1,29,1,1,8,7,7,9
3,1,30,1,1,4,3,3,5
3,1,31,1,1,6,5,5,7
3,1,32,0,8,9,36,1,17
3,1,33,1,3,9,21,6,12
3,1,34,0,7,8,34,1,15
3,1,35,0,2,4,10,2,6
3,1,36,0,2,6,12,4,8
3,1,37,1,7,8,34,1,15
3,1,38,0,2,7,13,5,9
3,1,39,1,1,4,3,3,5
3,1,40,0,3,4,16,1,7
3,1,41,1,1,5,4,4,6
3,1,42,1,1,7,6,6,8
3,1,43,0,5,8,29,3,13
3,1,44,0,2,6,12,4,8
3,1,45,1,1,8,7,7,9
3,1,46,1,3,9,21,6,12
3,1,47,0,5,6,27,1,11
3,1,48,1,1,2,1,1,3
3,1,49,1,1,9,8,8,10
3,1,50,0,2,9,15,7,11
3,1,51,0,2,8,14,6,10
3,1,52,0,8,9,36,1,17
3,1,53,1,5,9,30,4,14
3,1,54,1,4,7,24,3,11
3,1,55,1,4,6,23,2,10
3,1,56,1,4,5,22,1,9
3,1,57,1,7,9,35,2,16
3,1,58,0,3,7,19,4,10
3,1,59,0,6,7,31,1,13
3,1,60,1,3,5,17,2,8
3,1,61,0,2,4,10,2,6
3,1,62,1,5,7,28,2,12
3,1,63,0,2,3,9,1,5
3,1,64,1,6,9,33,3,15
3,1,65,1,1,3,2,2,4
3,1,66,1,3,6,18,3,9
3,1,67,1,4,8,25,4,12
3,1,68,1,1,6,5,5,7
3,1,69,1,4,9,26,5,13
3,1,70,0,2,5,11,3,7
3,1,71,1,3,8,20,5,11
3,1,72,0,6,8,32,2,14
3,1,73,1,1,7,6,6,8
3,1,74,1,8,9,36,1,17
3,1,75,1,4,9,26,5,13
3,1,76,1,5,9,30,4,14
3,1,77,1,3,7,19,4,10
3,1,78,0,1,4,3,3,5
3,1,79,1,3,8,20,5,11
3,1,80,0,2,6,12,4,8
3,1,81,1,4,5,22,1,9
3,1,82,1,7,8,34,1,15
3,1,83,1,7,9,35,2,16
3,1,84,1,1,8,7,7,9
3,1,85,1,4,8,25,4,12
3,1,86,0,5,7,28,2,12
3,1,87,1,1,6,5,5,7
3,1,88,1,1,3,2,2,4
3,1,89,1,3,9,21,6,12
3,1,90,0,3,4,16,1,7
3,1,91,0,2,8,14,6,10
3,1,92,1,4,6,23,2,10
3,1,93,0,2,5,11,3,7
3,1,94,0,2,4,10,2,6
3,1,95,0,4,7,24,3,11
3,1,96,0,6,9,33,3,15
3,1,97,1,1,5,4,4,6
3,1,98,0,6,7,31,1,13
3,1,99,0,2,3,9,1,5
3,1,100,0,6,8,32,2,14
3,1,101,1,5,8,29,3,13
3,1,102,1,3,6,18,3,9
3,1,103,0,2,9,15,7,11
3,1,104,1,1,2,1,1,3
3,1,105,0,3,5,17,2,8
3,1,106,1,5,6,27,1,11
3,1,107,0,2,7,13,5,9
3,1,108,1,1,9,8,8,10
3,1,109,1,1,5,4,4,6
3,1,110,1,4,5,22,1,9
3,1,111,1,1,9,8,8,10
3,1,112,0,3,4,16,1,7
3,1,113,1,3,8,20,5,11
3,1,114,1,1,7,6,6,8
3,1,115,0,2,5,11,3,7
3,1,116,1,4,9,26,5,13
3,1,117,1,4,8,25,4,12
3,1,118,0,2,3,9,1,5
3,1,119,0,6,9,33,3,15
3,1,120,1,3,5,17,2,8
3,1,121,0,2,7,13,5,9
3,1,122,1,5,9,30,4,14
3,1,123,1,5,8,29,3,13
3,1,124,0,2,8,14,6,10
3,1,125,1,1,2,1,1,3
3,1,126,1,5,6,27,1,11
3,1,127,1,1,8,7,7,9
3,1,128,1,3,7,19,4,10
3,1,129,1,6,8,32,2,14
3,1,130,1,5,7,28,2,12
3,1,131,0,2,6,12,4,8
3,1,132,1,4,6,23,2,10
3,1,133,0,6,7,31,1,13
3,1,134,1,1,3,2,2,4
3,1,135,1,1,6,5,5,7
3,1,136,0,2,4,10,2,6
3,1,137,1,3,6,18,3,9
3,1,138,0,2,9,15,7,11
3,1,139,1,7,9,35,2,16
3,1,140,1,7,8,34,1,15
3,1,141,0,8,9,36,1,17
3,1,142,1,1,4,3,3,5
3,1,143,1,3,9,21,6,12
3,1,144,1,4,7,24,3,11
3,2,1,1,7,8,34,1,15
3,2,2,1,4,8,25,4,12
3,2,3,0,2,8,14,6,10
3,2,4,0,6,7,31,1,13
3,2,5,0,5,9,30,4,14
3,2,6,1,1,6,5,5,7
3,2,7,0,3,9,21,6,12
3,2,8,1,4,5,22,1,9
3,2,9,1,1,2,1,1,3
3,2,10,1,1,8,7,7,9
3,2,11,1,3,5,17,2,8
3,2,12,0,2,3,9,1,5
3,2,13,1,6,8,32,2,14
3,2,14,0,3,4,16,1,7
3,2,15,0,2,4,10,2,6
3,2,16,0,5,7,28,2,12
3,2,17,1,7,9,35,2,16
3,2,18,0,3,7,19,4,10
3,2,19,1,1,9,8,8,10
3,2,20,1,1,4,3,3,5
3,2,21,1,1,3,2,2,4
3,2,22,0,3,6,18,3,9
3,2,23,1,1,7,6,6,8
3,2,24,1,1,5,4,4,6
3,2,25,0,5,6,27,1,11
3,2,26,1,2,6,12,4,8
3,2,27,0,5,8,29,3,13
3,2,28,0,2,7,13,5,9
3,2,29,1,4,6,23,2,10
3,2,30,1,2,9,15,7,11
3,2,31,0,8,9,36,1,17
3,2,32,1,6,9,33,3,15
3,2,33,1,2,5,11,3,7
3,2,34,1,4,9,26,5,13
3,2,35,1,3,8,20,5,11
3,2,36,1,4,7,24,3,11
3,2,37,0,5,7,28,2,12
3,2,38,1,1,2,1,1,3
3,2,39,1,6,8,32,2,14
3,2,40,1,3,8,20,5,11
3,2,41,1,5,8,29,3,13
3,2,42,1,1,6,5,5,7
3,2,43,1,4,8,25,4,12
3,2,44,1,4,5,22,1,9
3,2,45,1,6,7,31,1,13
3,2,46,0,2,4,10,2,6
3,2,47,1,7,9,35,2,16
3,2,48,1,1,8,7,7,9
3,2,49,0,8,9,36,1,17
3,2,50,0,2,6,12,4,8
3,2,51,1,4,6,23,2,10
3,2,52,1,2,9,15,7,11
3,2,53,1,2,3,9,1,5
3,2,54,1,4,7,24,3,11
3,2,55,1,1,9,8,8,10
3,2,56,1,3,5,17,2,8
3,2,57,1,1,4,3,3,5
3,2,58,1,3,7,19,4,10
3,2,59,1,7,8,34,1,15
3,2,60,1,1,3,2,2,4
3,2,61,1,1,5,4,4,6
3,2,62,1,3,4,16,1,7
3,2,63,1,3,9,21,6,12
3,2,64,1,4,9,26,5,13
3,2,65,1,2,8,14,6,10
3,2,66,0,5,6,27,1,11
3,2,67,1,3,6,18,3,9
3,2,68,1,2,7,13,5,9
3,2,69,1,1,7,6,6,8
3,2,70,1,2,5,11,3,7
3,2,71,1,5,9,30,4,14
3,2,72,1,6,9,33,3,15
3,2,73,1,1,5,4,4,6
3,2,74,0,3,4,16,1,7
3,2,75,1,3,5,17,2,8
3,2,76,1,3,9,21,6,12
3,2,77,0,5,6,27,1,11
3,2,78,0,5,7,28,2,12
3,2,79,1,3,6,18,3,9
3,2,80,1,1,3,2,2,4
3,2,81,1,3,7,19,4,10
3,2,82,1,5,9,30,4,14
3,2,83,1,6,8,32,2,14
3,2,84,1,1,7,6,6,8
3,2,85,0,6,7,31,1,13
3,2,86,1,1,6,5,5,7
3,2,87,1,4,7,24,3,11
3,2,88,1,2,4,10,2,6
3,2,89,1,1,2,1,1,3
3,2,90,1,8,9,36,1,17
3,2,91,1,2,5,11,3,7
3,2,92,1,1,4,3,3,5
3,2,93,1,4,5,22,1,9
3,2,94,1,4,8,25,4,12
3,2,95,0,2,3,9,1,5
3,2,96,1,2,6,12,4,8
3,2,97,1,1,8,7,7,9
3,2,98,1,2,7,13,5,9
3,2,99,1,4,6,23,2,10
3,2,100,1,3,8,20,5,11
3,2,101,1,1,9,8,8,10
3,2,102,1,6,9,33,3,15
3,2,103,1,2,8,14,6,10
3,2,104,1,2,9,15,7,11
3,2,105,1,4,9,26,5,13
3,2,106,1,7,9,35,2,16
3,2,107,1,5,8,29,3,13
3,2,108,1,7,8,34,1,15
3,2,109,0,5,7,28,2,12
3,2,110,0,2,3,9,1,5
3,2,111,1,5,8,29,3,13
3,2,112,1,1,8,7,7,9
3,2,113,1,1,6,5,5,7
3,2,114,0,3,4,16,1,7
3,2,115,1,2,5,11,3,7
3,2,116,1,3,8,20,5,11
3,2,117,1,8,9,36,1,17
3,2,118,1,2,9,15,7,11
3,2,119,1,1,2,1,1,3
3,2,120,1,2,8,14,6,10
3,2,121,1,3,9,21,6,12
3,2,122,1,2,7,13,5,9
3,2,123,1,2,4,10,2,6
3,2,124,1,4,6,23,2,10
3,2,125,1,6,8,32,2,14
3,2,126,1,1,4,3,3,5
3,2,127,1,7,9,35,2,16
3,2,128,1,6,9,33,3,15
3,2,129,0,3,7,19,4,10
3,2,130,0,6,7,31,1,13
3,2,131,1,3,6,18,3,9
3,2,132,1,1,5,4,4,6
3,2,133,1,4,9,26,5,13
3,2,134,1,3,5,17,2,8
3,2,135,1,4,8,25,4,12
3,2,136,1,1,7,6,6,8
3,2,137,1,4,5,22,1,9
3,2,138,1,2,6,12,4,8
3,2,139,1,4,7,24,3,11
3,2,140,1,7,8,34,1,15
3,2,141,1,1,9,8,8,10
3,2,142,1,5,9,30,4,14
3,2,143,1,5,6,27,1,11
3,2,144,1,1,3,2,2,4
3,3,1,0,3,7,19,4,10
3,3,2,1,6,9,33,3,15
3,3,3,0,5,8,29,3,13
3,3,4,1,1,8,7,7,9
3,3,5,0,2,3,9,1,5
3,3,6,0,2,7,13,5,9
3,3,7,0,2,6,12,4,8
3,3,8,1,5,7,28,2,12
3,3,9,1,3,8,20,5,11
3,3,10,1,1,5,4,4,6
3,3,11,0,7,8,34,1,15
3,3,12,1,3,9,21,6,12
3,3,13,0,2,4,10,2,6
3,3,14,1,6,7,31,1,13
3,3,15,1,3,4,16,1,7
3,3,16,1,3,5,17,2,8
3,3,17,1,4,9,26,5,13
3,3,18,1,4,6,23,2,10
3,3,19,1,1,7,6,6,8
3,3,20,0,8,9,36,1,17
3,3,21,0,5,9,30,4,14
3,3,22,0,7,9,35,2,16
3,3,23,1,1,4,3,3,5
3,3,24,1,1,6,5,5,7
3,3,25,0,2,9,15,7,11
3,3,26,1,4,8,25,4,12
3,3,27,1,4,5,22,1,9
3,3,28,1,6,8,32,2,14
3,3,29,1,1,3,2,2,4
3,3,30,0,2,5,11,3,7
3,3,31,0,2,8,14,6,10
3,3,32,1,4,7,24,3,11
3,3,33,1,1,9,8,8,10
3,3,34,1,3,6,18,3,9
3,3,35,0,5,6,27,1,11
3,3,36,1,1,2,1,1,3
3,3,37,1,3,6,18,3,9
3,3,38,0,5,7,28,2,12
3,3,39,1,3,4,16,1,7
3,3,40,1,1,4,3,3,5
3,3,41,1,6,7,31,1,13
3,3,42,0,5,8,29,3,13
3,3,43,0,2,5,11,3,7
3,3,44,0,2,9,15,7,11
3,3,45,1,1,8,7,7,9
3,3,46,1,7,9,35,2,16
3,3,47,1,1,3,2,2,4
3,3,48,1,4,7,24,3,11
3,3,49,0,2,6,12,4,8
3,3,50,1,3,7,19,4,10
3,3,51,0,5,9,30,4,14
3,3,52,1,1,6,5,5,7
3,3,53,0,2,3,9,1,5
3,3,54,1,7,8,34,1,15
3,3,55,1,3,5,17,2,8
3,3,56,1,3,8,20,5,11
3,3,57,1,6,8,32,2,14
3,3,58,0,2,7,13,5,9
3,3,59,1,4,6,23,2,10
3,3,60,1,1,2,1,1,3
3,3,61,1,1,9,8,8,10
3,3,62,0,5,6,27,1,11
3,3,63,1,4,9,26,5,13
3,3,64,1,8,9,36,1,17
3,3,65,1,3,9,21,6,12
3,3,66,0,2,8,14,6,10
3,3,67,1,1,7,6,6,8
3,3,68,1,1,5,4,4,6
3,3,69,1,6,9,33,3,15
3,3,70,1,4,8,25,4,12
3,3,71,1,4,5,22,1,9
3,3,72,0,2,4,10,2,6
3,3,73,1,4,6,23,2,10
3,3,74,1,1,5,4,4,6
3,3,75,1,2,5,11,3,7
3,3,76,1,1,7,6,6,8
3,3,77,1,4,5,22,1,9
3,3,78,1,3,8,20,5,11
3,3,79,1,4,8,25,4,12
3,3,80,1,7,9,35,2,16
3,3,81,1,3,5,17,2,8
3,3,82,1,1,2,1,1,3
3,3,83,1,2,8,14,6,10
3,3,84,1,2,7,13,5,9
3,3,85,1,3,9,21,6,12
3,3,86,1,1,3,2,2,4
3,3,87,1,6,7,31,1,13
3,3,88,1,8,9,36,1,17
3,3,89,1,1,6,5,5,7
3,3,90,0,5,9,30,4,14
3,3,91,0,5,7,28,2,12
3,3,92,1,3,4,16,1,7
3,3,93,1,4,9,26,5,13
3,3,94,1,6,8,32,2,14
3,3,95,1,1,8,7,7,9
3,3,96,1,3,6,18,3,9
3,3,97,0,2,4,10,2,6
3,3,98,1,7,8,34,1,15
3,3,99,1,3,7,19,4,10
3,3,100,1,2,9,15,7,11
3,3,101,1,1,4,3,3,5
3,3,102,1,1,9,8,8,10
3,3,103,0,5,6,27,1,11
3,3,104,1,4,7,24,3,11
3,3,105,0,5,8,29,3,13
3,3,106,0,2,3,9,1,5
3,3,107,1,2,6,12,4,8
3,3,108,1,6,9,33,3,15
3,3,109,1,1,5,4,4,6
3,3,110,1,3,6,18,3,9
3,3,111,1,1,4,3,3,5
3,3,112,0,5,6,27,1,11
3,3,113,1,4,6,23,2,10
3,3,114,1,7,8,34,1,15
3,3,115,1,3,5,17,2,8
3,3,116,1,3,7,19,4,10
3,3,117,0,8,9,36,1,17
3,3,118,1,6,9,33,3,15
3,3,119,1,1,2,1,1,3
3,3,120,1,2,5,11,3,7
3,3,121,1,1,6,5,5,7
3,3,122,0,2,3,9,1,5
3,3,123,1,5,9,30,4,14
3,3,124,0,5,7,28,2,12
3,3,125,0,2,4,10,2,6
3,3,126,1,3,4,16,1,7
3,3,127,1,4,7,24,3,11
3,3,128,0,5,8,29,3,13
3,3,129,1,6,7,31,1,13
3,3,130,1,3,9,21,6,12
3,3,131,1,6,8,32,2,14
3,3,132,1,1,3,2,2,4
3,3,133,1,7,9,35,2,16
3,3,134,1,1,8,7,7,9
3,3,135,1,4,9,26,5,13
3,3,136,1,1,9,8,8,10
3,3,137,1,3,8,20,5,11
3,3,138,0,2,7,13,5,9
3,3,139,1,1,7,6,6,8
3,3,140,1,2,8,14,6,10
3,3,141,1,2,9,15,7,11
3,3,142,0,2,6,12,4,8
3,3,143,1,4,8,25,4,12
3,3,144,1,4,5,22,1,9
3,4,1,0,1,4,3,3,5
3,4,2,1,7,8,34,1,15
3,4,3,0,6,7,31,1,13
3,4,4,0,1,8,7,7,9
3,4,5,1,5,7,28,2,12
3,4,6,1,5,9,30,4,14
3,4,7,0,4,9,26,5,13
3,4,8,0,3,5,17,2,8
3,4,9,1,1,9,8,8,10
3,4,10,0,4,7,24,3,11
3,4,11,1,7,9,35,2,16
3,4,12,1,5,6,27,1,11
3,4,13,0,2,8,14,6,10
3,4,14,0,2,6,12,4,8
3,4,15,0,8,9,36,1,17
3,4,16,0,2,7,13,5,9
3,4,17,1,1,6,5,5,7
3,4,18,1,1,7,6,6,8
3,4,19,1,5,8,29,3,13
3,4,20,1,6,9,33,3,15
3,4,21,1,2,3,9,1,5
3,4,22,0,3,7,19,4,10
3,4,23,0,4,5,22,1,9
3,4,24,0,4,8,25,4,12
3,4,25,0,3,9,21,6,12
3,4,26,0,3,4,16,1,7
3,4,27,1,3,8,20,5,11
3,4,28,0,2,9,15,7,11
3,4,29,1,1,2,1,1,3
3,4,30,1,1,3,2,2,4
3,4,31,0,3,6,18,3,9
3,4,32,0,4,6,23,2,10
3,4,33,0,2,5,11,3,7
3,4,34,0,6,8,32,2,14
3,4,35,1,1,5,4,4,6
3,4,36,1,2,4,10,2,6
3,4,37,0,4,6,23,2,10
3,4,38,1,2,6,12,4,8
3,4,39,1,1,3,2,2,4
3,4,40,1,1,2,1,1,3
3,4,41,1,6,8,32,2,14
3,4,42,1,7,8,34,1,15
3,4,43,1,5,6,27,1,11
3,4,44,0,4,5,22,1,9
3,4,45,1,1,5,4,4,6
3,4,46,1,2,5,11,3,7
3,4,47,1,3,4,16,1,7
3,4,48,0,5,7,28,2,12
3,4,49,1,3,9,21,6,12
3,4,50,1,3,5,17,2,8
3,4,51,1,1,7,6,6,8
3,4,52,1,2,9,15,7,11
3,4,53,1,2,8,14,6,10
3,4,54,1,3,7,19,4,10
3,4,55,1,2,3,9,1,5
3,4,56,1,1,6,5,5,7
3,4,57,1,2,7,13,5,9
3,4,58,1,7,9,35,2,16
3,4,59,0,4,7,24,3,11
3,4,60,1,5,8,29,3,13
3,4,61,1,1,8,7,7,9
3,4,62,1,1,4,3,3,5
3,4,63,1,4,9,26,5,13
3,4,64,1,6,9,33,3,15
3,4,65,1,1,9,8,8,10
3,4,66,1,2,4,10,2,6
3,4,67,1,5,9,30,4,14
3,4,68,1,3,8,20,5,11
3,4,69,0,6,7,31,1,13
3,4,70,1,8,9,36,1,17
3,4,71,1,4,8,25,4,12
3,4,72,1,3,6,18,3,9
3,4,73,1,4,7,24,3,11
3,4,74,1,3,9,21,6,12
3,4,75,0,2,5,11,3,7
3,4,76,1,3,5,17,2,8
3,4,77,1,3,8,20,5,11
3,4,78,1,6,7,31,1,13
3,4,79,0,8,9,36,1,17
3,4,80,1,1,7,6,6,8
3,4,81,1,2,7,13,5,9
3,4,82,1,2,4,10,2,6
3,4,83,1,2,8,14,6,10
3,4,84,1,4,9,26,5,13
3,4,85,0,5,6,27,1,11
3,4,86,1,1,9,8,8,10
3,4,87,1,1,5,4,4,6
3,4,88,1,2,9,15,7,11
3,4,89,1,2,3,9,1,5
3,4,90,1,4,8,25,4,12
3,4,91,0,5,7,28,2,12
3,4,92,1,5,9,30,4,14
3,4,93,1,1,6,5,5,7
3,4,94,1,7,8,34,1,15
3,4,95,1,1,8,7,7,9
3,4,96,1,7,9,35,2,16
3,4,97,1,5,8,29,3,13
3,4,98,1,4,5,22,1,9
3,4,99,1,3,6,18,3,9
3,4,100,1,6,9,33,3,15
3,4,101,1,1,3,2,2,4
3,4,102,1,1,4,3,3,5
3,4,103,1,4,6,23,2,10
3,4,104,1,6,8,32,2,14
3,4,105,1,1,2,1,1,3
3,4,106,1,2,6,12,4,8
3,4,107,1,3,4,16,1,7
3,4,108,1,3,7,19,4,10
3,4,109,1,3,4,16,1,7
3,4,110,1,1,4,3,3,5
3,4,111,1,4,9,26,5,13
3,4,112,1,4,6,23,2,10
3,4,113,1,8,9,36,1,17
3,4,114,1,6,9,33,3,15
3,4,115,1,1,8,7,7,9
3,4,116,1,2,6,12,4,8
3,4,117,1,1,7,6,6,8
3,4,118,1,1,2,1,1,3
3,4,119,0,2,3,9,1,5
3,4,120,1,1,3,2,2,4
3,4,121,1,7,9,35,2,16
3,4,122,1,1,6,5,5,7
3,4,123,1,4,5,22,1,9
3,4,124,1,3,5,17,2,8
3,4,125,0,5,7,28,2,12
3,4,126,1,6,8,32,2,14
3,4,127,1,1,5,4,4,6
3,4,128,1,3,6,18,3,9
3,4,129,1,2,9,15,7,11
3,4,130,1,5,9,30,4,14
3,4,131,1,1,9,8,8,10
3,4,132,1,5,8,29,3,13
3,4,133,1,4,8,25,4,12
3,4,134,1,3,9,21,6,12
3,4,135,0,6,7,31,1,13
3,4,136,1,2,5,11,3,7
3,4,137,1,2,4,10,2,6
3,4,138,1,5,6,27,1,11
3,4,139,1,7,8,34,1,15
3,4,140,1,2,7,13,5,9
3,4,141,1,3,7,19,4,10
3,4,142,1,4,7,24,3,11
3,4,143,1,2,8,14,6,10
3,4,144,1,3,8,20,5,11
3,5,1,0,3,8,20,5,11
3,5,2,0,7,8,34,1,15
3,5,3,0,2,6,12,4,8
3,5,4,1,5,9,30,4,14
3,5,5,1,2,3,9,1,5
3,5,6,1,4,8,25,4,12
3,5,7,1,4,7,24,3,11
3,5,8,1,4,6,23,2,10
3,5,9,0,3,5,17,2,8
3,5,10,1,5,6,27,1,11
3,5,11,1,3,7,19,4,10
3,5,12,1,5,8,29,3,13
3,5,13,0,2,4,10,2,6
3,5,14,0,6,9,33,3,15
3,5,15,1,3,6,18,3,9
3,5,16,0,4,5,22,1,9
3,5,17,1,3,9,21,6,12
3,5,18,1,2,9,15,7,11
3,5,19,1,2,7,13,5,9
3,5,20,1,8,9,36,1,17
3,5,21,0,1,5,4,4,6
3,5,22,1,2,5,11,3,7
3,5,23,1,3,4,16,1,7
3,5,24,1,1,9,8,8,10
3,5,25,1,1,6,5,5,7
3,5,26,1,4,9,26,5,13
3,5,27,1,1,8,7,7,9
3,5,28,1,5,7,28,2,12
3,5,29,1,1,7,6,6,8
3,5,30,0,6,7,31,1,13
3,5,31,0,6,8,32,2,14
3,5,32,1,2,8,14,6,10
3,5,33,0,1,3,2,2,4
3,5,34,1,1,4,3,3,5
3,5,35,0,7,9,35,2,16
3,5,36,0,1,2,1,1,3
3,5,37,0,2,4,10,2,6
3,5,38,0,2,3,9,1,5
3,5,39,1,1,7,6,6,8
3,5,40,1,1,4,3,3,5
3,5,41,0,3,5,17,2,8
3,5,42,1,5,6,27,1,11
3,5,43,1,2,9,15,7,11
3,5,44,1,2,5,11,3,7
3,5,45,1,4,8,25,4,12
3,5,46,1,4,6,23,2,10
3,5,47,1,1,9,8,8,10
3,5,48,1,3,7,19,4,10
3,5,49,1,5,9,30,4,14
3,5,50,0,6,9,33,3,15
3,5,51,1,2,8,14,6,10
3,5,52,1,2,6,12,4,8
3,5,53,1,6,8,32,2,14
3,5,54,1,5,7,28,2,12
3,5,55,1,3,8,20,5,11
3,5,56,1,3,4,16,1,7
3,5,57,1,2,7,13,5,9
3,5,58,0,7,8,34,1,15
3,5,59,1,6,7,31,1,13
3,5,60,1,3,6,18,3,9
3,5,61,1,3,9,21,6,12
3,5,62,1,4,5,22,1,9
3,5,63,0,1,3,2,2,4
3,5,64,1,5,8,29,3,13
3,5,65,1,8,9,36,1,17
3,5,66,1,1,8,7,7,9
3,5,67,1,4,9,26,5,13
3,5,68,1,1,6,5,5,7
3,5,69,1,1,5,4,4,6
3,5,70,0,1,2,1,1,3
3,5,71,1,4,7,24,3,11
3,5,72,0,7,9,35,2,16
3,5,73,1,6,8,32,2,14
3,5,74,0,1,4,3,3,5
3,5,75,0,2,4,10,2,6
3,5,76,1,2,3,9,1,5
3,5,77,1,1,5,4,4,6
3,5,78,0,7,8,34,1,15
3,5,79,1,3,4,16,1,7
3,5,80,1,4,9,26,5,13
3,5,81,1,6,9,33,3,15
3,5,82,1,5,6,27,1,11
3,5,83,1,6,7,31,1,13
3,5,84,1,5,7,28,2,12
3,5,85,1,3,8,20,5,11
3,5,86,1,2,7,13,5,9
3,5,87,0,1,6,5,5,7
3,5,88,1,1,8,7,7,9
3,5,89,1,4,6,23,2,10
3,5,90,1,2,9,15,7,11
3,5,91,1,3,9,21,6,12
3,5,92,0,3,5,17,2,8
3,5,93,0,1,3,2,2,4
3,5,94,1,1,7,6,6,8
3,5,95,0,3,6,18,3,9
3,5,96,0,7,9,35,2,16
3,5,97,1,8,9,36,1,17
3,5,98,1,5,9,30,4,14
3,5,99,1,4,7,24,3,11
3,5,100,1,4,5,22,1,9
3,5,101,1,2,5,11,3,7
3,5,102,1,4,8,25,4,12
3,5,103,1,2,6,12,4,8
3,5,104,1,1,9,8,8,10
3,5,105,1,3,7,19,4,10
3,5,106,0,1,2,1,1,3
3,5,107,1,5,8,29,3,13
3,5,108,1,2,8,14,6,10
3,5,109,0,3,4,16,1,7
3,5,110,1,4,6,23,2,10
3,5,111,1,4,8,25,4,12
3,5,112,1,1,6,5,5,7
3,5,113,1,2,6,12,4,8
3,5,114,1,3,7,19,4,10
3,5,115,0,2,3,9,1,5
3,5,116,1,1,5,4,4,6
3,5,117,1,3,6,18,3,9
3,5,118,1,1,9,8,8,10
3,5,119,1,2,9,15,7,11
3,5,120,1,2,8,14,6,10
3,5,121,1,5,9,30,4,14
3,5,122,1,1,7,6,6,8
3,5,123,1,3,8,20,5,11
3,5,124,0,1,2,1,1,3
3,5,125,1,1,4,3,3,5
3,5,126,1,5,8,29,3,13
3,5,127,0,7,9,35,2,16
3,5,128,0,7,8,34,1,15
3,5,129,1,5,7,28,2,12
3,5,130,1,3,9,21,6,12
3,5,131,1,1,8,7,7,9
3,5,132,1,1,3,2,2,4
3,5,133,0,3,5,17,2,8
3,5,134,1,6,8,32,2,14
3,5,135,1,2,4,10,2,6
3,5,136,1,4,7,24,3,11
3,5,137,1,2,5,11,3,7
3,5,138,1,6,9,33,3,15
3,5,139,1,6,7,31,1,13
3,5,140,1,4,9,26,5,13
3,5,141,1,2,7,13,5,9
3,5,142,1,4,5,22,1,9
3,5,143,1,8,9,36,1,17
3,5,144,1,5,6,27,1,11
3,6,1,1,6,9,33,3,15
3,6,2,1,6,8,32,2,14
3,6,3,0,4,6,23,2,10
3,6,4,0,3,9,21,6,12
3,6,5,1,4,7,24,3,11
3,6,6,0,8,9,36,1,17
3,6,7,1,5,8,29,3,13
3,6,8,1,3,7,19,4,10
3,6,9,0,4,5,22,1,9
3,6,10,1,2,7,13,5,9
3,6,11,1,4,9,26,5,13
3,6,12,1,2,8,14,6,10
3,6,13,1,2,3,9,1,5
3,6,14,0,1,3,2,2,4
3,6,15,0,3,4,16,1,7
3,6,16,1,1,7,6,6,8
3,6,17,1,1,6,5,5,7
3,6,18,0,2,6,12,4,8
3,6,19,1,1,8,7,7,9
3,6,20,0,3,6,18,3,9
3,6,21,1,1,9,8,8,10
3,6,22,1,5,6,27,1,11
3,6,23,1,1,5,4,4,6
3,6,24,1,1,4,3,3,5
3,6,25,1,2,9,15,7,11
3,6,26,1,5,9,30,4,14
3,6,27,0,7,8,34,1,15
3,6,28,1,1,2,1,1,3
3,6,29,1,4,8,25,4,12
3,6,30,1,5,7,28,2,12
3,6,31,0,3,5,17,2,8
3,6,32,1,6,7,31,1,13
3,6,33,1,7,9,35,2,16
3,6,34,0,3,8,20,5,11
3,6,35,1,2,4,10,2,6
3,6,36,1,2,5,11,3,7
3,6,37,1,2,8,14,6,10
3,6,38,1,2,3,9,1,5
3,6,39,0,3,4,16,1,7
3,6,40,1,4,7,24,3,11
3,6,41,1,1,3,2,2,4
3,6,42,1,5,8,29,3,13
3,6,43,0,8,9,36,1,17
3,6,44,1,1,4,3,3,5
3,6,45,0,3,6,18,3,9
3,6,46,1,7,8,34,1,15
3,6,47,1,1,8,7,7,9
3,6,48,1,3,9,21,6,12
3,6,49,1,2,6,12,4,8
3,6,50,1,1,5,4,4,6
3,6,51,1,2,9,15,7,11
3,6,52,1,2,5,11,3,7
3,6,53,1,4,5,22,1,9
3,6,54,1,1,9,8,8,10
3,6,55,1,3,8,20,5,11
3,6,56,1,6,8,32,2,14
3,6,57,1,3,7,19,4,10
3,6,58,1,1,6,5,5,7
3,6,59,1,4,8,25,4,12
3,6,60,1,2,7,13,5,9
3,6,61,1,6,9,33,3,15
3,6,62,1,1,7,6,6,8
3,6,63,1,4,9,26,5,13
3,6,64,1,5,9,30,4,14
3,6,65,0,5,6,27,1,11
3,6,66,1,1,2,1,1,3
3,6,67,1,5,7,28,2,12
3,6,68,1,2,4,10,2,6
3,6,69,1,6,7,31,1,13
3,6,70,1,4,6,23,2,10
3,6,71,0,3,5,17,2,8
3,6,72,1,7,9,35,2,16
3,6,73,1,6,8,32,2,14
3,6,74,1,4,8,25,4,12
3,6,75,1,3,9,21,6,12
3,6,76,1,2,3,9,1,5
3,6,77,0,5,7,28,2,12
3,6,78,1,4,9,26,5,13
3,6,79,1,1,3,2,2,4
3,6,80,1,3,7,19,4,10
3,6,81,0,8,9,36,1,17
3,6,82,1,2,6,12,4,8
3,6,83,1,2,4,10,2,6
3,6,84,1,1,7,6,6,8
3,6,85,1,1,9,8,8,10
3,6,86,1,3,8,20,5,11
3,6,87,1,4,7,24,3,11
3,6,88,1,1,5,4,4,6
3,6,89,1,7,8,34,1,15
3,6,90,1,2,9,15,7,11
3,6,91,1,5,9,30,4,14
3,6,92,1,4,6,23,2,10
3,6,93,1,3,5,17,2,8
3,6,94,1,1,8,7,7,9
3,6,95,1,5,8,29,3,13
3,6,96,1,1,4,3,3,5
3,6,97,1,7,9,35,2,16
3,6,98,1,2,7,13,5,9
3,6,99,1,3,4,16,1,7
3,6,100,0,6,9,33,3,15
3,6,101,1,1,6,5,5,7
3,6,102,1,2,8,14,6,10
3,6,103,1,1,2,1,1,3
3,6,104,1,2,5,11,3,7
3,6,105,0,6,7,31,1,13
3,6,106,1,4,5,22,1,9
3,6,107,1,3,6,18,3,9
3,6,108,1,5,6,27,1,11
3,6,109,0,2,5,11,3,7
3,6,110,1,6,8,32,2,14
3,6,111,1,3,9,21,6,12
3,6,112,1,5,9,30,4,14
3,6,113,1,2,3,9,1,5
3,6,114,1,7,9,35,2,16
3,6,115,1,1,6,5,5,7
3,6,116,1,1,8,7,7,9
3,6,117,1,2,9,15,7,11
3,6,118,1,5,7,28,2,12
3,6,119,1,2,6,12,4,8
3,6,120,1,1,7,6,6,8
3,6,121,1,2,4,10,2,6
3,6,122,1,6,9,33,3,15
3,6,123,1,3,7,19,4,10
3,6,124,1,2,8,14,6,10
3,6,125,0,7,8,34,1,15
3,6,126,1,3,8,20,5,11
3,6,127,1,5,8,29,3,13
3,6,128,1,5,6,27,1,11
3,6,129,1,3,4,16,1,7
3,6,130,0,8,9,36,1,17
3,6,131,1,3,6,18,3,9
3,6,132,1,4,6,23,2,10
3,6,133,0,1,4,3,3,5
3,6,134,1,1,3,2,2,4
3,6,135,1,3,5,17,2,8
3,6,136,1,4,9,26,5,13
3,6,137,1,4,7,24,3,11
3,6,138,1,1,5,4,4,6
3,6,139,1,2,7,13,5,9
3,6,140,1,6,7,31,1,13
3,6,141,1,4,5,22,1,9
3,6,142,1,4,8,25,4,12
3,6,143,1,1,2,1,1,3
3,6,144,1,1,9,8,8,10
3,7,1,0,4,7,24,3,11
3,7,2,0,7,9,35,2,16
3,7,3,0,4,5,22,1,9
3,7,4,1,5,6,27,1,11
3,7,5,0,1,4,3,3,5
3,7,6,1,2,8,14,6,10
3,7,7,1,3,8,20,5,11
3,7,8,0,3,5,17,2,8
3,7,9,1,1,7,6,6,8
3,7,10,0,7,8,34,1,15
3,7,11,1,3,9,21,6,12
3,7,12,0,4,8,25,4,12
3,7,13,1,5,9,30,4,14
3,7,14,1,2,9,15,7,11
3,7,15,0,1,3,2,2,4
3,7,16,1,3,7,19,4,10
3,7,17,0,6,9,33,3,15
3,7,18,1,2,4,10,2,6
3,7,19,1,4,9,26,5,13
3,7,20,0,6,8,32,2,14
3,7,21,0,1,2,1,1,3
3,7,22,1,2,6,12,4,8
3,7,23,1,2,5,11,3,7
3,7,24,0,6,7,31,1,13
3,7,25,1,2,7,13,5,9
3,7,26,0,8,9,36,1,17
3,7,27,1,1,6,5,5,7
3,7,28,1,5,7,28,2,12
3,7,29,1,1,9,8,8,10
3,7,30,1,1,5,4,4,6
3,7,31,1,4,6,23,2,10
3,7,32,1,3,6,18,3,9
3,7,33,1,1,8,7,7,9
3,7,34,0,3,4,16,1,7
3,7,35,1,2,3,9,1,5
3,7,36,1,5,8,29,3,13
3,7,37,1,2,5,11,3,7
3,7,38,1,5,9,30,4,14
3,7,39,1,5,8,29,3,13
3,7,40,1,1,6,5,5,7
3,7,41,1,1,3,2,2,4
3,7,42,0,8,9,36,1,17
3,7,43,1,3,9,21,6,12
3,7,44,0,6,9,33,3,15
3,7,45,1,2,4,10,2,6
3,7,46,1,7,8,34,1,15
3,7,47,1,4,6,23,2,10
3,7,48,1,5,6,27,1,11
3,7,49,0,4,5,22,1,9
3,7,50,1,2,7,13,5,9
3,7,51,1,2,8,14,6,10
3,7,52,1,3,8,20,5,11
3,7,53,1,1,7,6,6,8
3,7,54,0,3,5,17,2,8
3,7,55,1,7,9,35,2,16
3,7,56,1,3,7,19,4,10
3,7,57,1,6,8,32,2,14
3,7,58,0,6,7,31,1,13
3,7,59,1,3,6,18,3,9
3,7,60,1,2,6,12,4,8
3,7,61,1,1,4,3,3,5
3,7,62,1,4,9,26,5,13
3,7,63,1,2,9,15,7,11
3,7,64,1,4,8,25,4,12
3,7,65,1,1,8,7,7,9
3,7,66,1,1,5,4,4,6
3,7,67,1,2,3,9,1,5
3,7,68,1,5,7,28,2,12
3,7,69,1,4,7,24,3,11
3,7,70,1,3,4,16,1,7
3,7,71,0,1,2,1,1,3
3,7,72,1,1,9,8,8,10
3,7,73,1,7,9,35,2,16
3,7,74,1,4,8,25,4,12
3,7,75,1,5,8,29,3,13
3,7,76,0,1,2,1,1,3
3,7,77,0,4,5,22,1,9
3,7,78,1,1,3,2,2,4
3,7,79,0,6,7,31,1,13
3,7,80,1,7,8,34,1,15
3,7,81,1,2,6,12,4,8
3,7,82,1,6,9,33,3,15
3,7,83,1,3,6,18,3,9
3,7,84,1,2,5,11,3,7
3,7,85,1,4,7,24,3,11
3,7,86,1,1,5,4,4,6
3,7,87,1,1,9,8,8,10
3,7,88,1,5,6,27,1,11
3,7,89,1,1,6,5,5,7
3,7,90,1,1,4,3,3,5
3,7,91,1,2,9,15,7,11
3,7,92,1,2,3,9,1,5
3,7,93,1,3,7,19,4,10
3,7,94,1,5,9,30,4,14
3,7,95,1,2,7,13,5,9
3,7,96,1,1,8,7,7,9
3,7,97,1,8,9,36,1,17
3,7,98,1,3,8,20,5,11
3,7,99,1,3,4,16,1,7
3,7,100,1,1,7,6,6,8
3,7,101,1,4,9,26,5,13
3,7,102,1,2,8,14,6,10
3,7,103,0,6,8,32,2,14
3,7,104,1,2,4,10,2,6
3,7,105,1,4,6,23,2,10
3,7,106,1,3,5,17,2,8
3,7,107,1,3,9,21,6,12
3,7,108,1,5,7,28,2,12
3,7,109,1,5,9,30,4,14
3,7,110,1,1,4,3,3,5
3,7,111,0,3,5,17,2,8
3,7,112,1,2,7,13,5,9
3,7,113,0,4,5,22,1,9
3,7,114,1,1,5,4,4,6
3,7,115,0,7,8,34,1,15
3,7,116,0,1,2,1,1,3
3,7,117,1,2,6,12,4,8
3,7,118,1,3,6,18,3,9
3,7,119,1,3,8,20,5,11
3,7,120,1,1,9,8,8,10
3,7,121,1,6,9,33,3,15
3,7,122,1,5,7,28,2,12
3,7,123,1,1,8,7,7,9
3,7,124,1,5,8,29,3,13
3,7,125,1,2,4,10,2,6
3,7,126,1,4,6,23,2,10
3,7,127,1,1,6,5,5,7
3,7,128,1,1,3,2,2,4
3,7,129,1,3,4,16,1,7
3,7,130,1,2,3,9,1,5
3,7,131,1,2,5,11,3,7
3,7,132,1,4,9,26,5,13
3,7,133,1,6,8,32,2,14
3,7,134,1,8,9,36,1,17
3,7,135,1,4,8,25,4,12
3,7,136,1,6,7,31,1,13
3,7,137,1,2,8,14,6,10
3,7,138,1,3,9,21,6,12
3,7,139,1,7,9,35,2,16
3,7,140,1,1,7,6,6,8
3,7,141,1,5,6,27,1,11
3,7,142,1,4,7,24,3,11
3,7,143,1,3,7,19,4,10
3,7,144,1,2,9,15,7,11
3,8,1,0,4,9,26,5,13
3,8,2,1,5,6,27,1,11
3,8,3,1,5,7,28,2,12
3,8,4,1,3,9,21,6,12
3,8,5,1,3,4,16,1,7
3,8,6,1,3,7,19,4,10
3,8,7,0,2,6,12,4,8
3,8,8,1,6,8,32,2,14
3,8,9,1,5,9,30,4,14
3,8,10,1,7,9,35,2,16
3,8,11,1,1,2,1,1,3
3,8,12,1,1,6,5,5,7
3,8,13,0,4,5,22,1,9
3,8,14,0,2,8,14,6,10
3,8,15,1,3,6,18,3,9
3,8,16,1,6,9,33,3,15
3,8,17,1,1,9,8,8,10
3,8,18,0,2,7,13,5,9
3,8,19,1,7,8,34,1,15
3,8,20,1,1,8,7,7,9
3,8,21,1,4,8,25,4,12
3,8,22,0,2,9,15,7,11
3,8,23,0,8,9,36,1,17
3,8,24,1,1,4,3,3,5
3,8,25,0,1,5,4,4,6
3,8,26,1,3,8,20,5,11
3,8,27,0,2,3,9,1,5
3,8,28,0,3,5,17,2,8
3,8,29,0,4,6,23,2,10
3,8,30,0,6,7,31,1,13
3,8,31,0,5,8,29,3,13
3,8,32,1,1,3,2,2,4
3,8,33,1,1,7,6,6,8
3,8,34,0,2,5,11,3,7
3,8,35,1,4,7,24,3,11
3,8,36,0,2,4,10,2,6
3,8,37,1,1,6,5,5,7
3,8,38,1,1,4,3,3,5
3,8,39,1,4,9,26,5,13
3,8,40,1,4,7,24,3,11
3,8,41,1,7,9,35,2,16
3,8,42,0,2,5,11,3,7
3,8,43,1,1,9,8,8,10
3,8,44,1,1,8,7,7,9
3,8,45,0,2,4,10,2,6
3,8,46,0,2,3,9,1,5
3,8,47,1,8,9,36,1,17
3,8,48,1,3,8,20,5,11
3,8,49,1,4,5,22,1,9
3,8,50,1,1,5,4,4,6
3,8,51,1,7,8,34,1,15
3,8,52,0,2,9,15,7,11
3,8,53,0,2,6,12,4,8
3,8,54,1,6,7,31,1,13
3,8,55,1,1,3,2,2,4
3,8,56,1,6,9,33,3,15
3,8,57,0,4,6,23,2,10
3,8,58,1,1,7,6,6,8
3,8,59,1,4,8,25,4,12
3,8,60,0,5,7,28,2,12
3,8,61,1,3,9,21,6,12
3,8,62,1,1,2,1,1,3
3,8,63,1,3,5,17,2,8
3,8,64,0,2,7,13,5,9
3,8,65,0,5,8,29,3,13
3,8,66,1,3,4,16,1,7
3,8,67,0,5,6,27,1,11
3,8,68,1,3,6,18,3,9
3,8,69,0,2,8,14,6,10
3,8,70,1,6,8,32,2,14
3,8,71,1,3,7,19,4,10
3,8,72,1,5,9,30,4,14
3,8,73,1,4,6,23,2,10
3,8,74,0,2,6,12,4,8
3,8,75,1,6,9,33,3,15
3,8,76,1,1,6,5,5,7
3,8,77,1,1,9,8,8,10
3,8,78,1,5,9,30,4,14
3,8,79,0,2,3,9,1,5
3,8,80,1,4,5,22,1,9
3,8,81,0,2,5,11,3,7
3,8,82,1,3,8,20,5,11
3,8,83,0,2,9,15,7,11
3,8,84,1,4,8,25,4,12
3,8,85,1,3,9,21,6,12
3,8,86,1,4,9,26,5,13
3,8,87,1,7,8,34,1,15
3,8,88,1,6,8,32,2,14
3,8,89,1,3,4,16,1,7
3,8,90,1,1,4,3,3,5
3,8,91,1,4,7,24,3,11
3,8,92,1,1,2,1,1,3
3,8,93,1,1,3,2,2,4
3,8,94,1,5,8,29,3,13
3,8,95,0,2,8,14,6,10
3,8,96,1,1,5,4,4,6
3,8,97,1,1,8,7,7,9
3,8,98,0,2,7,13,5,9
3,8,99,1,7,9,35,2,16
3,8,100,1,3,5,17,2,8
3,8,101,1,5,7,28,2,12
3,8,102,0,5,6,27,1,11
3,8,103,1,3,6,18,3,9
3,8,104,1,6,7,31,1,13
3,8,105,0,8,9,36,1,17
3,8,106,0,2,4,10,2,6
3,8,107,1,1,7,6,6,8
3,8,108,1,3,7,19,4,10
3,8,109,1,6,7,31,1,13
3,8,110,1,3,7,19,4,10
3,8,111,0,2,3,9,1,5
3,8,112,0,8,9,36,1,17
3,8,113,1,3,6,18,3,9
3,8,114,1,1,6,5,5,7
3,8,115,0,2,7,13,5,9
3,8,116,1,1,2,1,1,3
3,8,117,1,5,9,30,4,14
3,8,118,1,7,9,35,2,16
3,8,119,1,4,9,26,5,13
3,8,120,1,3,9,21,6,12
3,8,121,1,2,8,14,6,10
3,8,122,1,4,7,24,3,11
3,8,123,0,4,6,23,2,10
3,8,124,1,1,9,8,8,10
3,8,125,1,5,7,28,2,12
3,8,126,0,2,5,11,3,7
3,8,127,1,6,9,33,3,15
3,8,128,1,1,3,2,2,4
3,8,129,1,3,8,20,5,11
3,8,130,0,2,9,15,7,11
3,8,131,1,5,8,29,3,13
3,8,132,0,4,5,22,1,9
3,8,133,1,4,8,25,4,12
3,8,134,0,2,6,12,4,8
3,8,135,1,7,8,34,1,15
3,8,136,1,1,5,4,4,6
3,8,137,1,1,7,6,6,8
3,8,138,0,5,6,27,1,11
3,8,139,1,3,5,17,2,8
3,8,140,0,2,4,10,2,6
3,8,141,1,3,4,16,1,7
3,8,142,1,6,8,32,2,14
3,8,143,1,1,8,7,7,9
3,8,144,1,1,4,3,3,5
3,9,1,0,2,9,15,7,11
3,9,2,0,6,8,32,2,14
3,9,3,1,2,8,14,6,10
3,9,4,1,4,5,22,1,9
3,9,5,1,7,8,34,1,15
3,9,6,1,3,9,21,6,12
3,9,7,0,1,7,6,6,8
3,9,8,1,2,5,11,3,7
3,9,9,0,5,7,28,2,12
3,9,10,0,1,9,8,8,10
3,9,11,0,1,4,3,3,5
3,9,12,0,4,7,24,3,11
3,9,13,1,3,8,20,5,11
3,9,14,0,7,9,35,2,16
3,9,15,0,4,8,25,4,12
3,9,16,1,1,8,7,7,9
3,9,17,0,5,9,30,4,14
3,9,18,0,1,5,4,4,6
3,9,19,1,2,7,13,5,9
3,9,20,1,3,4,16,1,7
3,9,21,0,5,8,29,3,13
3,9,22,1,2,4,10,2,6
3,9,23,0,4,6,23,2,10
3,9,24,0,4,9,26,5,13
3,9,25,1,5,6,27,1,11
3,9,26,0,1,3,2,2,4
3,9,27,1,1,6,5,5,7
3,9,28,1,3,6,18,3,9
3,9,29,1,6,9,33,3,15
3,9,30,0,1,2,1,1,3
3,9,31,1,3,7,19,4,10
3,9,32,0,2,6,12,4,8
3,9,33,0,6,7,31,1,13
3,9,34,1,8,9,36,1,17
3,9,35,0,2,3,9,1,5
3,9,36,1,3,5,17,2,8
3,9,37,1,2,6,12,4,8
3,9,38,1,1,3,2,2,4
3,9,39,0,4,8,25,4,12
3,9,40,0,7,8,34,1,15
3,9,41,1,3,4,16,1,7
3,9,42,1,1,4,3,3,5
3,9,43,1,3,8,20,5,11
3,9,44,1,5,7,28,2,12
3,9,45,1,1,5,4,4,6
3,9,46,1,5,6,27,1,11
3,9,47,1,1,6,5,5,7
3,9,48,1,3,6,18,3,9
3,9,49,0,4,6,23,2,10
3,9,50,1,6,7,31,1,13
3,9,51,1,4,9,26,5,13
3,9,52,1,5,9,30,4,14
3,9,53,1,3,7,19,4,10
3,9,54,1,3,9,21,6,12
3,9,55,1,2,5,11,3,7
3,9,56,0,6,8,32,2,14
3,9,57,1,7,9,35,2,16
3,9,58,1,1,8,7,7,9
3,9,59,1,1,9,8,8,10
3,9,60,1,2,9,15,7,11
3,9,61,1,1,7,6,6,8
3,9,62,1,3,5,17,2,8
3,9,63,0,4,7,24,3,11
3,9,64,1,8,9,36,1,17
3,9,65,1,5,8,29,3,13
3,9,66,1,2,3,9,1,5
3,9,67,1,6,9,33,3,15
3,9,68,1,1,2,1,1,3
3,9,69,1,2,8,14,6,10
3,9,70,1,2,7,13,5,9
3,9,71,0,4,5,22,1,9
3,9,72,1,2,4,10,2,6
3,9,73,1,5,7,28,2,12
3,9,74,1,1,7,6,6,8
3,9,75,1,1,8,7,7,9
3,9,76,0,4,8,25,4,12
3,9,77,1,7,9,35,2,16
3,9,78,1,3,7,19,4,10
3,9,79,1,1,4,3,3,5
3,9,80,1,1,5,4,4,6
3,9,81,1,6,9,33,3,15
3,9,82,1,5,9,30,4,14
3,9,83,1,5,6,27,1,11
3,9,84,1,5,8,29,3,13
3,9,85,1,1,3,2,2,4
3,9,86,1,3,5,17,2,8
3,9,87,1,3,4,16,1,7
3,9,88,1,4,9,26,5,13
3,9,89,1,2,3,9,1,5
3,9,90,1,3,8,20,5,11
3,9,91,0,6,7,31,1,13
3,9,92,1,2,6,12,4,8
3,9,93,1,3,9,21,6,12
3,9,94,1,2,9,15,7,11
3,9,95,1,1,2,1,1,3
3,9,96,0,4,5,22,1,9
3,9,97,1,1,6,5,5,7
3,9,98,1,2,4,10,2,6
3,9,99,1,8,9,36,1,17
3,9,100,1,3,6,18,3,9
3,9,101,0,7,8,34,1,15
3,9,102,1,2,8,14,6,10
3,9,103,0,4,7,24,3,11
3,9,104,1,2,7,13,5,9
3,9,105,1,6,8,32,2,14
3,9,106,0,4,6,23,2,10
3,9,107,1,1,9,8,8,10
3,9,108,1,2,5,11,3,7
3,9,109,1,5,7,28,2,12
3,9,110,1,4,8,25,4,12
3,9,111,1,8,9,36,1,17
3,9,112,1,4,7,24,3,11
3,9,113,1,5,9,30,4,14
3,9,114,1,7,9,35,2,16
3,9,115,1,2,8,14,6,10
3,9,116,1,3,5,17,2,8
3,9,117,1,1,4,3,3,5
3,9,118,0,5,6,27,1,11
3,9,119,1,7,8,34,1,15
3,9,120,1,2,6,12,4,8
3,9,121,1,5,8,29,3,13
3,9,122,1,3,4,16,1,7
3,9,123,1,3,9,21,6,12
3,9,124,1,1,8,7,7,9
3,9,125,1,1,3,2,2,4
3,9,126,1,3,6,18,3,9
3,9,127,1,2,4,10,2,6
3,9,128,1,3,7,19,4,10
3,9,129,1,1,9,8,8,10
3,9,130,1,4,9,26,5,13
3,9,131,1,1,6,5,5,7
3,9,132,1,1,5,4,4,6
3,9,133,1,4,6,23,2,10
3,9,134,1,3,8,20,5,11
3,9,135,1,1,7,6,6,8
3,9,136,1,2,5,11,3,7
3,9,137,1,2,7,13,5,9
3,9,138,1,6,9,33,3,15
3,9,139,1,6,8,32,2,14
3,9,140,1,4,5,22,1,9
3,9,141,1,2,9,15,7,11
3,9,142,0,1,2,1,1,3
3,9,143,1,2,3,9,1,5
3,9,144,1,6,7,31,1,13
3,10,1,1,1,4,3,3,5
3,10,2,1,4,9,26,5,13
3,10,3,0,2,7,13,5,9
3,10,4,0,4,5,22,1,9
3,10,5,1,5,8,29,3,13
3,10,6,1,1,8,7,7,9
3,10,7,0,3,6,18,3,9
3,10,8,1,8,9,36,1,17
3,10,9,1,3,7,19,4,10
3,10,10,0,2,5,11,3,7
3,10,11,1,3,8,20,5,11
3,10,12,1,1,2,1,1,3
3,10,13,0,7,8,34,1,15
3,10,14,1,4,8,25,4,12
3,10,15,0,2,4,10,2,6
3,10,16,0,2,6,12,4,8
3,10,17,1,1,5,4,4,6
3,10,18,0,2,9,15,7,11
3,10,19,0,7,9,35,2,16
3,10,20,0,2,3,9,1,5
3,10,21,1,6,9,33,3,15
3,10,22,0,4,6,23,2,10
3,10,23,0,6,7,31,1,13
3,10,24,1,3,4,16,1,7
3,10,25,0,6,8,32,2,14
3,10,26,1,3,5,17,2,8
3,10,27,1,3,9,21,6,12
3,10,28,1,5,9,30,4,14
3,10,29,1,4,7,24,3,11
3,10,30,0,2,8,14,6,10
3,10,31,0,1,3,2,2,4
3,10,32,1,1,6,5,5,7
3,10,33,1,1,9,8,8,10
3,10,34,1,5,7,28,2,12
3,10,35,1,5,6,27,1,11
3,10,36,1,1,7,6,6,8
3,10,37,1,1,5,4,4,6
3,10,38,1,3,9,21,6,12
3,10,39,1,5,8,29,3,13
3,10,40,0,2,3,9,1,5
3,10,41,1,4,9,26,5,13
3,10,42,1,1,2,1,1,3
3,10,43,1,1,4,3,3,5
3,10,44,1,3,7,19,4,10
3,10,45,0,6,9,33,3,15
3,10,46,1,1,7,6,6,8
3,10,47,1,3,8,20,5,11
3,10,48,1,5,9,30,4,14
3,10,49,1,5,7,28,2,12
3,10,50,0,2,5,11,3,7
3,10,51,0,2,7,13,5,9
3,10,52,1,4,7,24,3,11
3,10,53,1,1,9,8,8,10
3,10,54,1,1,8,7,7,9
3,10,55,1,1,3,2,2,4
3,10,56,1,5,6,27,1,11
3,10,57,1,4,8,25,4,12
3,10,58,0,7,9,35,2,16
3,10,59,0,3,5,17,2,8
3,10,60,1,8,9,36,1,17
3,10,61,0,6,8,32,2,14
3,10,62,1,3,6,18,3,9
3,10,63,0,2,9,15,7,11
3,10,64,1,1,6,5,5,7
3,10,65,0,2,6,12,4,8
3,10,66,0,4,5,22,1,9
3,10,67,1,6,7,31,1,13
3,10,68,0,7,8,34,1,15
3,10,69,1,3,4,16,1,7
3,10,70,1,4,6,23,2,10
3,10,71,0,2,8,14,6,10
3,10,72,0,2,4,10,2,6
3,10,73,1,3,6,18,3,9
3,10,74,1,3,7,19,4,10
3,10,75,1,1,9,8,8,10
3,10,76,1,3,5,17,2,8
3,10,77,1,1,8,7,7,9
3,10,78,0,2,5,11,3,7
3,10,79,1,4,7,24,3,11
3,10,80,1,5,6,27,1,11
3,10,81,1,1,5,4,4,6
3,10,82,1,6,9,33,3,15
3,10,83,0,7,8,34,1,15
3,10,84,0,2,7,13,5,9
3,10,85,1,5,8,29,3,13
3,10,86,1,8,9,36,1,17
3,10,87,0,2,3,9,1,5
3,10,88,1,1,7,6,6,8
3,10,89,1,7,9,35,2,16
3,10,90,0,2,4,10,2,6
3,10,91,1,4,9,26,5,13
3,10,92,1,1,6,5,5,7
3,10,93,1,1,4,3,3,5
3,10,94,0,2,8,14,6,10
3,10,95,1,3,9,21,6,12
3,10,96,0,6,8,32,2,14
3,10,97,1,5,7,28,2,12
3,10,98,0,4,5,22,1,9
3,10,99,1,5,9,30,4,14
3,10,100,0,2,9,15,7,11
3,10,101,1,1,2,1,1,3
3,10,102,1,4,8,25,4,12
3,10,103,1,3,8,20,5,11
3,10,104,0,2,6,12,4,8
3,10,105,1,6,7,31,1,13
3,10,106,1,3,4,16,1,7
3,10,107,1,4,6,23,2,10
3,10,108,1,1,3,2,2,4
3,10,109,1,1,8,7,7,9
3,10,110,0,2,7,13,5,9
3,10,111,1,8,9,36,1,17
3,10,112,1,5,8,29,3,13
3,10,113,1,3,8,20,5,11
3,10,114,0,2,8,14,6,10
3,10,115,1,4,9,26,5,13
3,10,116,1,3,9,21,6,12
3,10,117,1,1,6,5,5,7
3,10,118,0,7,8,34,1,15
3,10,119,0,2,3,9,1,5
3,10,120,1,4,8,25,4,12
3,10,121,1,3,5,17,2,8
3,10,122,1,1,2,1,1,3
3,10,123,1,3,4,16,1,7
3,10,124,1,1,4,3,3,5
3,10,125,1,6,7,31,1,13
3,10,126,1,4,6,23,2,10
3,10,127,1,1,7,6,6,8
3,10,128,1,5,9,30,4,14
3,10,129,1,6,8,32,2,14
3,10,130,1,4,7,24,3,11
3,10,131,1,1,9,8,8,10
3,10,132,1,1,3,2,2,4
3,10,133,0,7,9,35,2,16
3,10,134,0,4,5,22,1,9
3,10,135,1,3,7,19,4,10
3,10,136,0,2,4,10,2,6
3,10,137,1,2,9,15,7,11
3,10,138,1,6,9,33,3,15
3,10,139,0,2,6,12,4,8
3,10,140,0,2,5,11,3,7
3,10,141,1,1,5,4,4,6
3,10,142,1,3,6,18,3,9
3,10,143,1,5,7,28,2,12
3,10,144,1,5,6,27,1,11
3,11,1,1,7,9,35,2,16
3,11,2,0,6,7,31,1,13
3,11,3,1,3,8,20,5,11
3,11,4,1,1,7,6,6,8
3,11,5,0,5,9,30,4,14
3,11,6,1,3,9,21,6,12
3,11,7,0,2,3,9,1,5
3,11,8,0,5,6,27,1,11
3,11,9,0,7,8,34,1,15
3,11,10,1,4,7,24,3,11
3,11,11,1,4,6,23,2,10
3,11,12,0,5,7,28,2,12
3,11,13,1,1,8,7,7,9
3,11,14,1,1,9,8,8,10
3,11,15,0,8,9,36,1,17
3,11,16,1,1,2,1,1,3
3,11,17,1,3,5,17,2,8
3,11,18,1,3,4,16,1,7
3,11,19,1,3,6,18,3,9
3,11,20,0,2,4,10,2,6
3,11,21,1,1,3,2,2,4
3,11,22,1,4,9,26,5,13
3,11,23,1,6,9,33,3,15
3,11,24,1,4,8,25,4,12
3,11,25,1,2,9,15,7,11
3,11,26,1,3,7,19,4,10
3,11,27,1,2,8,14,6,10
3,11,28,1,1,4,3,3,5
3,11,29,1,2,7,13,5,9
3,11,30,0,5,8,29,3,13
3,11,31,1,6,8,32,2,14
3,11,32,1,2,5,11,3,7
3,11,33,1,1,6,5,5,7
3,11,34,1,1,5,4,4,6
3,11,35,1,4,5,22,1,9
3,11,36,1,2,6,12,4,8
3,11,37,1,6,7,31,1,13
3,11,38,1,1,4,3,3,5
3,11,39,1,2,8,14,6,10
3,11,40,1,6,9,33,3,15
3,11,41,0,1,3,2,2,4
3,11,42,1,3,7,19,4,10
3,11,43,1,1,7,6,6,8
3,11,44,1,4,7,24,3,11
3,11,45,1,4,8,25,4,12
3,11,46,1,1,5,4,4,6
3,11,47,1,4,5,22,1,9
3,11,48,1,1,2,1,1,3
3,11,49,0,2,6,12,4,8
3,11,50,1,2,9,15,7,11
3,11,51,1,2,7,13,5,9
3,11,52,1,4,9,26,5,13
3,11,53,1,3,8,20,5,11
3,11,54,0,5,8,29,3,13
3,11,55,1,3,6,18,3,9
3,11,56,1,2,5,11,3,7
3,11,57,0,2,4,10,2,6
3,11,58,0,5,6,27,1,11
3,11,59,1,3,9,21,6,12
3,11,60,0,8,9,36,1,17
3,11,61,1,1,8,7,7,9
3,11,62,0,3,4,16,1,7
3,11,63,1,3,5,17,2,8
3,11,64,1,1,6,5,5,7
3,11,65,1,1,9,8,8,10
3,11,66,0,2,3,9,1,5
3,11,67,0,5,9,30,4,14
3,11,68,0,5,7,28,2,12
3,11,69,1,6,8,32,2,14
3,11,70,1,7,9,35,2,16
3,11,71,1,4,6,23,2,10
3,11,72,1,7,8,34,1,15
3,11,73,0,5,6,27,1,11
3,11,74,1,1,3,2,2,4
3,11,75,1,3,7,19,4,10
3,11,76,1,4,5,22,1,9
3,11,77,1,4,6,23,2,10
3,11,78,1,7,8,34,1,15
3,11,79,1,2,9,15,7,11
3,11,80,1,4,7,24,3,11
3,11,81,0,2,4,10,2,6
3,11,82,1,6,9,33,3,15
3,11,83,0,5,9,30,4,14
3,11,84,1,3,8,20,5,11
3,11,85,1,2,8,14,6,10
3,11,86,1,7,9,35,2,16
3,11,87,0,3,6,18,3,9
3,11,88,1,2,3,9,1,5
3,11,89,1,6,8,32,2,14
3,11,90,1,1,7,6,6,8
3,11,91,0,5,7,28,2,12
3,11,92,1,2,7,13,5,9
3,11,93,0,1,4,3,3,5
3,11,94,1,3,4,16,1,7
3,11,95,1,1,5,4,4,6
3,11,96,1,1,2,1,1,3
3,11,97,1,1,9,8,8,10
3,11,98,0,5,8,29,3,13
3,11,99,1,6,7,31,1,13
3,11,100,1,4,8,25,4,12
3,11,101,1,1,6,5,5,7
3,11,102,1,2,5,11,3,7
3,11,103,1,3,5,17,2,8
3,11,104,0,2,6,12,4,8
3,11,105,1,4,9,26,5,13
3,11,106,1,8,9,36,1,17
3,11,107,1,3,9,21,6,12
3,11,108,1,1,8,7,7,9
3,11,109,1,3,7,19,4,10
3,11,110,1,4,7,24,3,11
3,11,111,0,5,8,29,3,13
3,11,112,1,1,3,2,2,4
3,11,113,1,4,9,26,5,13
3,11,114,1,4,8,25,4,12
3,11,115,1,6,9,33,3,15
3,11,116,1,2,7,13,5,9
3,11,117,1,3,8,20,5,11
3,11,118,0,2,4,10,2,6
3,11,119,1,8,9,36,1,17
3,11,120,1,7,9,35,2,16
3,11,121,0,2,3,9,1,5
3,11,122,1,6,7,31,1,13
3,11,123,1,3,6,18,3,9
3,11,124,1,3,5,17,2,8
3,11,125,0,5,6,27,1,11
3,11,126,1,2,8,14,6,10
3,11,127,1,3,4,16,1,7
3,11,128,1,1,9,8,8,10
3,11,129,1,6,8,32,2,14
3,11,130,0,5,7,28,2,12
3,11,131,1,1,8,7,7,9
3,11,132,1,4,6,23,2,10
3,11,133,0,5,9,30,4,14
3,11,134,1,1,7,6,6,8
3,11,135,1,2,9,15,7,11
3,11,136,1,4,5,22,1,9
3,11,137,1,1,4,3,3,5
3,11,138,1,1,2,1,1,3
3,11,139,1,1,6,5,5,7
3,11,140,1,3,9,21,6,12
3,11,141,1,2,6,12,4,8
3,11,142,1,2,5,11,3,7
3,11,143,1,1,5,4,4,6
3,11,144,1,7,8,34,1,15
3,12,1,1,7,8,34,1,15
3,12,2,1,2,4,10,2,6
3,12,3,0,6,7,31,1,13
3,12,4,0,4,7,24,3,11
3,12,5,0,1,2,1,1,3
3,12,6,0,5,8,29,3,13
3,12,7,1,1,3,2,2,4
3,12,8,1,8,9,36,1,17
3,12,9,1,6,9,33,3,15
3,12,10,1,1,9,8,8,10
3,12,11,1,7,9,35,2,16
3,12,12,1,2,9,15,7,11
3,12,13,0,4,6,23,2,10
3,12,14,1,2,5,11,3,7
3,12,15,1,1,7,6,6,8
3,12,16,0,5,7,28,2,12
3,12,17,0,2,6,12,4,8
3,12,18,0,5,6,27,1,11
3,12,19,1,3,8,20,5,11
3,12,20,1,2,8,14,6,10
3,12,21,1,6,8,32,2,14
3,12,22,1,4,9,26,5,13
3,12,23,0,2,3,9,1,5
3,12,24,1,3,7,19,4,10
3,12,25,0,3,4,16,1,7
3,12,26,0,4,8,25,4,12
3,12,27,1,5,9,30,4,14
3,12,28,1,1,5,4,4,6
3,12,29,1,2,7,13,5,9
3,12,30,0,3,6,18,3,9
3,12,31,1,3,9,21,6,12
3,12,32,1,1,6,5,5,7
3,12,33,1,3,5,17,2,8
3,12,34,1,1,4,3,3,5
3,12,35,1,4,5,22,1,9
3,12,36,1,1,8,7,7,9
3,12,37,0,2,3,9,1,5
3,12,38,0,2,7,13,5,9
3,12,39,1,8,9,36,1,17
3,12,40,1,4,5,22,1,9
3,12,41,1,6,9,33,3,15
3,12,42,1,6,7,31,1,13
3,12,43,0,5,6,27,1,11
3,12,44,1,1,3,2,2,4
3,12,45,1,1,4,3,3,5
3,12,46,1,3,7,19,4,10
3,12,47,1,2,9,15,7,11
3,12,48,1,5,7,28,2,12
3,12,49,1,1,5,4,4,6
3,12,50,1,1,9,8,8,10
3,12,51,1,1,6,5,5,7
3,12,52,1,4,8,25,4,12
3,12,53,1,1,7,6,6,8
3,12,54,1,4,7,24,3,11
3,12,55,1,3,6,18,3,9
3,12,56,1,4,9,26,5,13
3,12,57,1,3,8,20,5,11
3,12,58,1,3,9,21,6,12
3,12,59,0,6,8,32,2,14
3,12,60,1,1,2,1,1,3
3,12,61,1,7,9,35,2,16
3,12,62,1,3,5,17,2,8
3,12,63,0,5,8,29,3,13
3,12,64,1,1,8,7,7,9
3,12,65,1,2,5,11,3,7
3,12,66,0,7,8,34,1,15
3,12,67,0,3,4,16,1,7
3,12,68,0,4,6,23,2,10
3,12,69,0,2,6,12,4,8
3,12,70,1,2,8,14,6,10
3,12,71,1,5,9,30,4,14
3,12,72,0,2,4,10,2,6
3,12,73,1,5,9,30,4,14
3,12,74,1,5,8,29,3,13
3,12,75,1,2,9,15,7,11
3,12,76,0,4,6,23,2,10
3,12,77,1,2,8,14,6,10
3,12,78,1,3,7,19,4,10
3,12,79,1,5,7,28,2,12
3,12,80,0,3,5,17,2,8
3,12,81,1,1,8,7,7,9
3,12,82,0,2,5,11,3,7
3,12,83,0,2,3,9,1,5
3,12,84,1,1,9,8,8,10
3,12,85,0,7,8,34,1,15
3,12,86,1,4,9,26,5,13
3,12,87,0,4,5,22,1,9
3,12,88,1,6,9,33,3,15
3,12,89,1,2,4,10,2,6
3,12,90,1,1,2,1,1,3
3,12,91,1,7,9,35,2,16
3,12,92,0,4,7,24,3,11
3,12,93,1,3,8,20,5,11
3,12,94,1,4,8,25,4,12
3,12,95,1,2,6,12,4,8
3,12,96,1,3,9,21,6,12
3,12,97,1,1,6,5,5,7
3,12,98,1,2,7,13,5,9
3,12,99,1,8,9,36,1,17
3,12,100,0,6,7,31,1,13
3,12,101,1,1,4,3,3,5
3,12,102,1,1,7,6,6,8
3,12,103,1,3,4,16,1,7
3,12,104,1,6,8,32,2,14
3,12,105,1,1,3,2,2,4
3,12,106,1,5,6,27,1,11
3,12,107,0,1,5,4,4,6
3,12,108,1,3,6,18,3,9
3,12,109,1,4,8,25,4,12
3,12,110,1,7,8,34,1,15
3,12,111,1,5,6,27,1,11
3,12,112,1,3,8,20,5,11
3,12,113,1,1,5,4,4,6
3,12,114,1,1,3,2,2,4
3,12,115,1,6,7,31,1,13
3,12,116,1,2,3,9,1,5
3,12,117,1,1,2,1,1,3
3,12,118,1,7,9,35,2,16
3,12,119,0,2,4,10,2,6
3,12,120,1,3,7,19,4,10
3,12,121,1,1,9,8,8,10
3,12,122,1,3,9,21,6,12
3,12,123,1,8,9,36,1,17
3,12,124,1,1,7,6,6,8
3,12,125,0,5,8,29,3,13
3,12,126,0,3,6,18,3,9
3,12,127,1,5,7,28,2,12
3,12,128,1,1,8,7,7,9
3,12,129,1,2,8,14,6,10
3,12,130,0,4,7,24,3,11
3,12,131,0,2,5,11,3,7
3,12,132,1,2,6,12,4,8
3,12,133,1,3,4,16,1,7
3,12,134,1,1,4,3,3,5
3,12,135,1,2,7,13,5,9
3,12,136,1,6,8,32,2,14
3,12,137,1,6,9,33,3,15
3,12,138,1,4,5,22,1,9
3,12,139,1,5,9,30,4,14
3,12,140,1,4,9,26,5,13
3,12,141,1,4,6,23,2,10
3,12,142,1,3,5,17,2,8
3,12,143,1,2,9,15,7,11
3,12,144,1,1,6,5,5,7
3,13,1,0,4,9,26,5,13
3,13,2,1,2,5,11,3,7
3,13,3,0,5,6,27,1,11
3,13,4,1,2,8,14,6,10
3,13,5,1,1,6,5,5,7
3,13,6,0,3,6,18,3,9
3,13,7,0,5,7,28,2,12
3,13,8,1,1,4,3,3,5
3,13,9,1,6,7,31,1,13
3,13,10,0,4,5,22,1,9
3,13,11,1,1,2,1,1,3
3,13,12,1,1,3,2,2,4
3,13,13,0,8,9,36,1,17
3,13,14,1,1,9,8,8,10
3,13,15,0,5,8,29,3,13
3,13,16,0,3,9,21,6,12
3,13,17,0,7,9,35,2,16
3,13,18,1,2,4,10,2,6
3,13,19,0,4,7,24,3,11
3,13,20,1,2,6,12,4,8
3,13,21,1,3,7,19,4,10
3,13,22,1,2,3,9,1,5
3,13,23,1,3,4,16,1,7
3,13,24,0,5,9,30,4,14
3,13,25,1,6,8,32,2,14
3,13,26,1,1,8,7,7,9
3,13,27,1,1,7,6,6,8
3,13,28,0,4,8,25,4,12
3,13,29,1,6,9,33,3,15
3,13,30,1,2,7,13,5,9
3,13,31,1,7,8,34,1,15
3,13,32,0,4,6,23,2,10
3,13,33,1,3,5,17,2,8
3,13,34,1,1,5,4,4,6
3,13,35,1,2,9,15,7,11
3,13,36,1,3,8,20,5,11
3,13,37,1,6,9,33,3,15
3,13,38,1,1,8,7,7,9
3,13,39,1,3,9,21,6,12
3,13,40,1,1,3,2,2,4
3,13,41,1,3,4,16,1,7
3,13,42,1,6,8,32,2,14
3,13,43,1,3,7,19,4,10
3,13,44,1,1,4,3,3,5
3,13,45,0,4,8,25,4,12
3,13,46,1,2,3,9,1,5
3,13,47,0,4,6,23,2,10
3,13,48,0,4,5,22,1,9
3,13,49,1,2,4,10,2,6
3,13,50,1,6,7,31,1,13
3,13,51,1,1,6,5,5,7
3,13,52,1,3,5,17,2,8
3,13,53,1,1,5,4,4,6
3,13,54,0,4,7,24,3,11
3,13,55,0,5,9,30,4,14
3,13,56,0,7,8,34,1,15
3,13,57,1,2,7,13,5,9
3,13,58,0,5,7,28,2,12
3,13,59,1,3,6,18,3,9
3,13,60,1,2,5,11,3,7
3,13,61,0,7,9,35,2,16
3,13,62,1,2,6,12,4,8
3,13,63,0,8,9,36,1,17
3,13,64,1,1,7,6,6,8
3,13,65,1,1,2,1,1,3
3,13,66,1,2,9,15,7,11
3,13,67,0,5,6,27,1,11
3,13,68,1,3,8,20,5,11
3,13,69,1,2,8,14,6,10
3,13,70,0,4,9,26,5,13
3,13,71,1,1,9,8,8,10
3,13,72,1,5,8,29,3,13
3,13,73,1,1,9,8,8,10
3,13,74,1,1,5,4,4,6
3,13,75,1,3,4,16,1,7
3,13,76,1,5,7,28,2,12
3,13,77,1,1,6,5,5,7
3,13,78,1,8,9,36,1,17
3,13,79,1,1,7,6,6,8
3,13,80,0,4,9,26,5,13
3,13,81,1,1,4,3,3,5
3,13,82,0,7,8,34,1,15
3,13,83,1,3,8,20,5,11
3,13,84,1,2,4,10,2,6
3,13,85,1,2,9,15,7,11
3,13,86,0,1,2,1,1,3
3,13,87,1,1,3,2,2,4
3,13,88,1,1,8,7,7,9
3,13,89,0,4,7,24,3,11
3,13,90,1,5,9,30,4,14
3,13,91,0,4,5,22,1,9
3,13,92,1,6,7,31,1,13
3,13,93,0,4,6,23,2,10
3,13,94,1,2,5,11,3,7
3,13,95,0,7,9,35,2,16
3,13,96,1,3,9,21,6,12
3,13,97,1,2,8,14,6,10
3,13,98,1,2,7,13,5,9
3,13,99,1,6,9,33,3,15
3,13,100,1,3,5,17,2,8
3,13,101,1,2,3,9,1,5
3,13,102,1,3,7,19,4,10
3,13,103,1,2,6,12,4,8
3,13,104,1,3,6,18,3,9
3,13,105,0,4,8,25,4,12
3,13,106,1,5,8,29,3,13
3,13,107,1,6,8,32,2,14
3,13,108,0,5,6,27,1,11
3,13,109,1,2,3,9,1,5
3,13,110,0,4,5,22,1,9
3,13,111,1,1,4,3,3,5
3,13,112,1,1,7,6,6,8
3,13,113,0,4,6,23,2,10
3,13,114,1,5,9,30,4,14
3,13,115,1,5,8,29,3,13
3,13,116,1,1,6,5,5,7
3,13,117,0,4,7,24,3,11
3,13,118,1,5,7,28,2,12
3,13,119,1,6,8,32,2,14
3,13,120,1,1,8,7,7,9
3,13,121,1,2,7,13,5,9
3,13,122,1,2,6,12,4,8
3,13,123,1,1,9,8,8,10
3,13,124,0,8,9,36,1,17
3,13,125,1,1,5,4,4,6
3,13,126,0,5,6,27,1,11
3,13,127,1,6,9,33,3,15
3,13,128,0,4,8,25,4,12
3,13,129,1,3,7,19,4,10
3,13,130,1,3,4,16,1,7
3,13,131,1,7,8,34,1,15
3,13,132,1,3,9,21,6,12
3,13,133,1,2,8,14,6,10
3,13,134,1,3,5,17,2,8
3,13,135,0,4,9,26,5,13
3,13,136,1,6,7,31,1,13
3,13,137,1,2,9,15,7,11
3,13,138,1,7,9,35,2,16
3,13,139,0,3,6,18,3,9
3,13,140,1,1,3,2,2,4
3,13,141,1,2,5,11,3,7
3,13,142,1,2,4,10,2,6
3,13,143,1,3,8,20,5,11
3,13,144,1,1,2,1,1,3
3,14,1,0,3,5,17,2,8
3,14,2,0,3,6,18,3,9
3,14,3,0,3,8,20,5,11
3,14,4,1,5,8,29,3,13
3,14,5,0,2,6,12,4,8
3,14,6,0,2,9,15,7,11
3,14,7,1,7,9,35,2,16
3,14,8,0,2,7,13,5,9
3,14,9,1,1,7,6,6,8
3,14,10,0,2,5,11,3,7
3,14,11,1,2,4,10,2,6
3,14,12,0,3,9,21,6,12
3,14,13,1,1,2,1,1,3
3,14,14,0,4,7,24,3,11
3,14,15,1,5,9,30,4,14
3,14,16,0,1,5,4,4,6
3,14,17,1,2,8,14,6,10
3,14,18,0,4,9,26,5,13
3,14,19,0,7,8,34,1,15
3,14,20,0,3,7,19,4,10
3,14,21,1,1,8,7,7,9
3,14,22,1,2,3,9,1,5
3,14,23,1,8,9,36,1,17
3,14,24,0,4,5,22,1,9
3,14,25,1,1,3,2,2,4
3,14,26,1,5,6,27,1,11
3,14,27,1,3,4,16,1,7
3,14,28,0,4,8,25,4,12
3,14,29,1,1,6,5,5,7
3,14,30,1,1,4,3,3,5
3,14,31,1,6,8,32,2,14
3,14,32,1,6,9,33,3,15
3,14,33,0,4,6,23,2,10
3,14,34,1,1,9,8,8,10
3,14,35,1,5,7,28,2,12
3,14,36,1,6,7,31,1,13
3,14,37,1,6,9,33,3,15
3,14,38,0,5,6,27,1,11
3,14,39,1,1,5,4,4,6
3,14,40,1,2,9,15,7,11
3,14,41,0,4,8,25,4,12
3,14,42,1,3,9,21,6,12
3,14,43,1,3,4,16,1,7
3,14,44,0,4,5,22,1,9
3,14,45,0,8,9,36,1,17
3,14,46,1,2,8,14,6,10
3,14,47,1,1,7,6,6,8
3,14,48,0,4,7,24,3,11
3,14,49,0,1,2,1,1,3
3,14,50,0,2,3,9,1,5
3,14,51,0,3,5,17,2,8
3,14,52,1,5,9,30,4,14
3,14,53,1,6,7,31,1,13
3,14,54,1,5,8,29,3,13
3,14,55,1,1,3,2,2,4
3,14,56,1,2,6,12,4,8
3,14,57,1,7,8,34,1,15
3,14,58,0,5,7,28,2,12
3,14,59,1,3,7,19,4,10
3,14,60,0,4,9,26,5,13
3,14,61,1,1,9,8,8,10
3,14,62,1,7,9,35,2,16
3,14,63,1,6,8,32,2,14
3,14,64,1,1,6,5,5,7
3,14,65,1,3,8,20,5,11
3,14,66,1,2,4,10,2,6
3,14,67,0,4,6,23,2,10
3,14,68,1,2,5,11,3,7
3,14,69,0,3,6,18,3,9
3,14,70,1,1,8,7,7,9
3,14,71,1,2,7,13,5,9
3,14,72,1,1,4,3,3,5
3,14,73,0,4,7,24,3,11
3,14,74,0,5,6,27,1,11
3,14,75,0,4,6,23,2,10
3,14,76,1,6,7,31,1,13
3,14,77,0,4,5,22,1,9
3,14,78,1,3,7,19,4,10
3,14,79,1,3,6,18,3,9
3,14,80,1,6,9,33,3,15
3,14,81,1,1,4,3,3,5
3,14,82,1,1,5,4,4,6
3,14,83,0,2,3,9,1,5
3,14,84,1,6,8,32,2,14
3,14,85,1,2,4,10,2,6
3,14,86,0,1,2,1,1,3
3,14,87,1,2,5,11,3,7
3,14,88,0,5,7,28,2,12
3,14,89,1,2,7,13,5,9
3,14,90,1,5,9,30,4,14
3,14,91,1,3,9,21,6,12
3,14,92,1,1,7,6,6,8
3,14,93,1,7,8,34,1,15
3,14,94,1,8,9,36,1,17
3,14,95,1,1,9,8,8,10
3,14,96,0,4,8,25,4,12
3,14,97,1,3,8,20,5,11
3,14,98,1,1,3,2,2,4
3,14,99,0,4,9,26,5,13
3,14,100,1,1,6,5,5,7
3,14,101,1,2,8,14,6,10
3,14,102,1,7,9,35,2,16
3,14,103,1,2,6,12,4,8
3,14,104,1,5,8,29,3,13
3,14,105,1,1,8,7,7,9
3,14,106,1,3,4,16,1,7
3,14,107,1,2,9,15,7,11
3,14,108,1,3,5,17,2,8
3,14,109,0,4,5,22,1,9
3,14,110,1,1,3,2,2,4
3,14,111,1,3,6,18,3,9
3,14,112,1,7,8,34,1,15
3,14,113,0,4,8,25,4,12
3,14,114,1,3,8,20,5,11
3,14,115,1,1,8,7,7,9
3,14,116,1,6,8,32,2,14
3,14,117,0,5,7,28,2,12
3,14,118,1,2,8,14,6,10
3,14,119,1,2,6,12,4,8
3,14,120,1,1,9,8,8,10
3,14,121,1,1,7,6,6,8
3,14,122,0,4,7,24,3,11
3,14,123,1,3,4,16,1,7
3,14,124,1,5,9,30,4,14
3,14,125,1,5,8,29,3,13
3,14,126,1,3,5,17,2,8
3,14,127,1,1,4,3,3,5
3,14,128,1,2,4,10,2,6
3,14,129,1,3,7,19,4,10
3,14,130,1,1,2,1,1,3
3,14,131,0,4,6,23,2,10
3,14,132,1,2,9,15,7,11
3,14,133,0,8,9,36,1,17
3,14,134,1,2,7,13,5,9
3,14,135,0,2,3,9,1,5
3,14,136,1,7,9,35,2,16
3,14,137,1,1,6,5,5,7
3,14,138,0,4,9,26,5,13
3,14,139,1,6,9,33,3,15
3,14,140,0,5,6,27,1,11
3,14,141,1,3,9,21,6,12
3,14,142,0,6,7,31,1,13
3,14,143,1,1,5,4,4,6
3,14,144,1,2,5,11,3,7
3,15,1,0,3,7,19,4,10
3,15,2,1,1,5,4,4,6
3,15,3,0,4,9,26,5,13
3,15,4,1,1,6,5,5,7
3,15,5,0,3,9,21,6,12
3,15,6,0,6,7,31,1,13
3,15,7,0,7,8,34,1,15
3,15,8,0,2,5,11,3,7
3,15,9,0,2,8,14,6,10
3,15,10,1,3,6,18,3,9
3,15,11,1,2,6,12,4,8
3,15,12,1,1,4,3,3,5
3,15,13,0,2,7,13,5,9
3,15,14,1,1,9,8,8,10
3,15,15,1,3,5,17,2,8
3,15,16,1,1,3,2,2,4
3,15,17,1,4,5,22,1,9
3,15,18,1,4,8,25,4,12
3,15,19,0,6,8,32,2,14
3,15,20,1,4,7,24,3,11
3,15,21,1,3,4,16,1,7
3,15,22,0,6,9,33,3,15
3,15,23,0,2,3,9,1,5
3,15,24,0,2,4,10,2,6
3,15,25,1,1,8,7,7,9
3,15,26,0,7,9,35,2,16
3,15,27,0,5,8,29,3,13
3,15,28,0,5,6,27,1,11
3,15,29,0,5,7,28,2,12
3,15,30,1,1,7,6,6,8
3,15,31,0,8,9,36,1,17
3,15,32,0,2,9,15,7,11
3,15,33,1,4,6,23,2,10
3,15,34,0,5,9,30,4,14
3,15,35,1,3,8,20,5,11
3,15,36,1,1,2,1,1,3
3,15,37,1,4,7,24,3,11
3,15,38,1,4,8,25,4,12
3,15,39,0,5,6,27,1,11
3,15,40,1,7,9,35,2,16
3,15,41,1,3,6,18,3,9
3,15,42,0,2,8,14,6,10
3,15,43,1,3,9,21,6,12
3,15,44,1,1,9,8,8,10
3,15,45,1,7,8,34,1,15
3,15,46,0,2,9,15,7,11
3,15,47,1,1,6,5,5,7
3,15,48,1,1,8,7,7,9
3,15,49,0,2,3,9,1,5
3,15,50,1,4,5,22,1,9
3,15,51,1,1,2,1,1,3
3,15,52,0,8,9,36,1,17
3,15,53,0,2,4,10,2,6
3,15,54,1,1,4,3,3,5
3,15,55,1,3,7,19,4,10
3,15,56,1,3,8,20,5,11
3,15,57,0,2,6,12,4,8
3,15,58,0,6,7,31,1,13
3,15,59,1,4,6,23,2,10
3,15,60,0,3,4,16,1,7
3,15,61,1,1,3,2,2,4
3,15,62,1,5,9,30,4,14
3,15,63,0,5,7,28,2,12
3,15,64,1,3,5,17,2,8
3,15,65,1,5,8,29,3,13
3,15,66,1,6,8,32,2,14
3,15,67,1,6,9,33,3,15
3,15,68,0,2,5,11,3,7
3,15,69,0,2,7,13,5,9
3,15,70,1,1,7,6,6,8
3,15,71,1,1,5,4,4,6
3,15,72,1,4,9,26,5,13
3,15,73,0,2,6,12,4,8
3,15,74,1,3,8,20,5,11
3,15,75,0,2,7,13,5,9
3,15,76,1,4,9,26,5,13
3,15,77,1,7,8,34,1,15
3,15,78,1,1,7,6,6,8
3,15,79,1,4,7,24,3,11
3,15,80,1,1,6,5,5,7
3,15,81,1,7,9,35,2,16
3,15,82,0,2,3,9,1,5
3,15,83,1,3,9,21,6,12
3,15,84,1,1,3,2,2,4
3,15,85,1,3,7,19,4,10
3,15,86,1,1,2,1,1,3
3,15,87,1,6,9,33,3,15
3,15,88,1,1,4,3,3,5
3,15,89,1,5,9,30,4,14
3,15,90,1,5,6,27,1,11
3,15,91,1,4,6,23,2,10
3,15,92,0,2,5,11,3,7
3,15,93,0,3,4,16,1,7
3,15,94,1,1,5,4,4,6
3,15,95,1,4,5,22,1,9
3,15,96,1,8,9,36,1,17
3,15,97,1,5,8,29,3,13
3,15,98,1,5,7,28,2,12
3,15,99,1,1,8,7,7,9
3,15,100,1,3,6,18,3,9
3,15,101,1,4,8,25,4,12
3,15,102,1,2,9,15,7,11
3,15,103,1,3,5,17,2,8
3,15,104,0,6,8,32,2,14
3,15,105,0,2,4,10,2,6
3,15,106,0,6,7,31,1,13
3,15,107,0,2,8,14,6,10
3,15,108,1,1,9,8,8,10
3,15,109,1,2,9,15,7,11
3,15,110,1,3,7,19,4,10
3,15,111,1,2,4,10,2,6
3,15,112,1,3,6,18,3,9
3,15,113,1,4,9,26,5,13
3,15,114,1,8,9,36,1,17
3,15,115,1,2,7,13,5,9
3,15,116,1,1,6,5,5,7
3,15,117,1,5,6,27,1,11
3,15,118,1,1,9,8,8,10
3,15,119,1,7,8,34,1,15
3,15,120,0,2,3,9,1,5
3,15,121,1,2,6,12,4,8
3,15,122,1,5,8,29,3,13
3,15,123,1,3,8,20,5,11
3,15,124,1,5,9,30,4,14
3,15,125,1,3,5,17,2,8
3,15,126,0,6,8,32,2,14
3,15,127,1,1,8,7,7,9
3,15,128,1,3,9,21,6,12
3,15,129,0,6,9,33,3,15
3,15,130,1,1,2,1,1,3
3,15,131,1,4,6,23,2,10
3,15,132,1,1,5,4,4,6
3,15,133,1,4,7,24,3,11
3,15,134,0,6,7,31,1,13
3,15,135,1,3,4,16,1,7
3,15,136,1,5,7,28,2,12
3,15,137,0,4,5,22,1,9
3,15,138,1,1,4,3,3,5
3,15,139,1,7,9,35,2,16
3,15,140,1,2,8,14,6,10
3,15,141,1,2,5,11,3,7
3,15,142,1,4,8,25,4,12
3,15,143,1,1,7,6,6,8
3,15,144,1,1,3,2,2,4
3,16,1,1,3,7,19,4,10
3,16,2,1,1,8,7,7,9
3,16,3,0,4,5,22,1,9
3,16,4,0,2,7,13,5,9
3,16,5,0,2,3,9,1,5
3,16,6,1,1,6,5,5,7
3,16,7,1,4,8,25,4,12
3,16,8,1,2,6,12,4,8
3,16,9,0,6,7,31,1,13
3,16,10,0,8,9,36,1,17
3,16,11,0,1,4,3,3,5
3,16,12,1,1,3,2,2,4
3,16,13,1,5,6,27,1,11
3,16,14,0,2,5,11,3,7
3,16,15,0,2,4,10,2,6
3,16,16,1,5,8,29,3,13
3,16,17,0,6,8,32,2,14
3,16,18,1,3,8,20,5,11
3,16,19,1,6,9,33,3,15
3,16,20,1,1,5,4,4,6
3,16,21,0,4,9,26,5,13
3,16,22,1,5,7,28,2,12
3,16,23,1,4,7,24,3,11
3,16,24,1,3,6,18,3,9
3,16,25,1,5,9,30,4,14
3,16,26,1,1,9,8,8,10
3,16,27,0,4,6,23,2,10
3,16,28,1,3,9,21,6,12
3,16,29,1,3,4,16,1,7
3,16,30,1,1,7,6,6,8
3,16,31,1,1,2,1,1,3
3,16,32,0,7,9,35,2,16
3,16,33,1,2,8,14,6,10
3,16,34,0,7,8,34,1,15
3,16,35,1,2,9,15,7,11
3,16,36,1,3,5,17,2,8
3,16,37,1,7,9,35,2,16
3,16,38,1,2,4,10,2,6
3,16,39,1,1,7,6,6,8
3,16,40,1,5,8,29,3,13
3,16,41,1,1,8,7,7,9
3,16,42,1,1,5,4,4,6
3,16,43,1,4,9,26,5,13
3,16,44,1,6,7,31,1,13
3,16,45,1,1,4,3,3,5
3,16,46,1,3,5,17,2,8
3,16,47,1,2,6,12,4,8
3,16,48,1,5,6,27,1,11
3,16,49,0,2,3,9,1,5
3,16,50,0,8,9,36,1,17
3,16,51,1,6,9,33,3,15
3,16,52,1,1,9,8,8,10
3,16,53,1,5,9,30,4,14
3,16,54,1,4,7,24,3,11
3,16,55,1,2,8,14,6,10
3,16,56,1,3,7,19,4,10
3,16,57,1,4,8,25,4,12
3,16,58,1,1,2,1,1,3
3,16,59,0,1,3,2,2,4
3,16,60,0,2,5,11,3,7
3,16,61,1,4,5,22,1,9
3,16,62,1,1,6,5,5,7
3,16,63,0,3,4,16,1,7
3,16,64,1,2,7,13,5,9
3,16,65,1,5,7,28,2,12
3,16,66,1,2,9,15,7,11
3,16,67,1,6,8,32,2,14
3,16,68,1,3,8,20,5,11
3,16,69,1,3,6,18,3,9
3,16,70,0,4,6,23,2,10
3,16,71,1,7,8,34,1,15
3,16,72,1,3,9,21,6,12
3,16,73,1,3,7,19,4,10
3,16,74,1,5,9,30,4,14
3,16,75,1,1,6,5,5,7
3,16,76,1,2,3,9,1,5
3,16,77,1,5,8,29,3,13
3,16,78,1,4,5,22,1,9
3,16,79,1,2,7,13,5,9
3,16,80,1,6,9,33,3,15
3,16,81,1,4,7,24,3,11
3,16,82,1,5,7,28,2,12
3,16,83,1,2,6,12,4,8
3,16,84,1,1,7,6,6,8
3,16,85,1,7,9,35,2,16
3,16,86,0,1,3,2,2,4
3,16,87,0,4,6,23,2,10
3,16,88,1,6,8,32,2,14
3,16,89,1,2,9,15,7,11
3,16,90,1,7,8,34,1,15
3,16,91,1,1,8,7,7,9
3,16,92,1,8,9,36,1,17
3,16,93,1,1,9,8,8,10
3,16,94,1,3,9,21,6,12
3,16,95,1,1,4,3,3,5
3,16,96,1,4,9,26,5,13
3,16,97,1,3,6,18,3,9
3,16,98,1,2,8,14,6,10
3,16,99,1,2,5,11,3,7
3,16,100,1,2,4,10,2,6
3,16,101,1,3,5,17,2,8
3,16,102,1,3,8,20,5,11
3,16,103,1,5,6,27,1,11
3,16,104,1,3,4,16,1,7
3,16,105,0,6,7,31,1,13
3,16,106,1,1,5,4,4,6
3,16,107,1,4,8,25,4,12
3,16,108,1,1,2,1,1,3
3,16,109,0,6,7,31,1,13
3,16,110,1,1,4,3,3,5
3,16,111,1,5,7,28,2,12
3,16,112,1,1,7,6,6,8
3,16,113,1,5,6,27,1,11
3,16,114,1,1,9,8,8,10
3,16,115,0,4,5,22,1,9
3,16,116,1,2,7,13,5,9
3,16,117,1,2,8,14,6,10
3,16,118,1,4,9,26,5,13
3,16,119,1,6,9,33,3,15
3,16,120,1,2,3,9,1,5
3,16,121,1,6,8,32,2,14
3,16,122,1,3,9,21,6,12
3,16,123,1,4,7,24,3,11
3,16,124,1,8,9,36,1,17
3,16,125,1,1,5,4,4,6
3,16,126,0,1,3,2,2,4
3,16,127,1,3,8,20,5,11
3,16,128,1,2,4,10,2,6
3,16,129,0,7,8,34,1,15
3,16,130,1,1,8,7,7,9
3,16,131,1,3,5,17,2,8
3,16,132,1,1,6,5,5,7
3,16,133,1,2,9,15,7,11
3,16,134,1,4,8,25,4,12
3,16,135,1,4,6,23,2,10
3,16,136,1,2,5,11,3,7
3,16,137,1,5,9,30,4,14
3,16,138,1,7,9,35,2,16
3,16,139,1,5,8,29,3,13
3,16,140,0,1,2,1,1,3
3,16,141,1,3,7,19,4,10
3,16,142,1,3,6,18,3,9
3,16,143,1,3,4,16,1,7
3,16,144,1,2,6,12,4,8
3,17,1,0,1,9,8,8,10
3,17,2,1,5,8,29,3,13
3,17,3,1,2,6,12,4,8
3,17,4,1,2,8,14,6,10
3,17,5,0,6,9,33,3,15
3,17,6,1,4,9,26,5,13
3,17,7,0,1,4,3,3,5
3,17,8,0,1,5,4,4,6
3,17,9,0,3,6,18,3,9
3,17,10,1,2,5,11,3,7
3,17,11,1,2,4,10,2,6
3,17,12,0,3,8,20,5,11
3,17,13,1,4,6,23,2,10
3,17,14,0,3,7,19,4,10
3,17,15,1,2,7,13,5,9
3,17,16,0,3,5,17,2,8
3,17,17,0,1,7,6,6,8
3,17,18,1,6,7,31,1,13
3,17,19,1,2,3,9,1,5
3,17,20,1,4,7,24,3,11
3,17,21,0,1,6,5,5,7
3,17,22,0,3,4,16,1,7
3,17,23,1,4,8,25,4,12
3,17,24,1,6,8,32,2,14
3,17,25,1,4,5,22,1,9
3,17,26,1,7,8,34,1,15
3,17,27,0,1,2,1,1,3
3,17,28,1,8,9,36,1,17
3,17,29,1,2,9,15,7,11
3,17,30,0,1,8,7,7,9
3,17,31,0,5,7,28,2,12
3,17,32,1,5,9,30,4,14
3,17,33,1,5,6,27,1,11
3,17,34,1,7,9,35,2,16
3,17,35,0,3,9,21,6,12
3,17,36,1,1,3,2,2,4
3,17,37,1,3,8,20,5,11
3,17,38,1,2,3,9,1,5
3,17,39,0,1,5,4,4,6
3,17,40,0,1,7,6,6,8
3,17,41,1,2,8,14,6,10
3,17,42,1,1,8,7,7,9
3,17,43,0,1,6,5,5,7
3,17,44,1,5,9,30,4,14
3,17,45,0,3,6,18,3,9
3,17,46,1,1,3,2,2,4
3,17,47,1,4,9,26,5,13
3,17,48,1,4,6,23,2,10
3,17,49,1,3,7,19,4,10
3,17,50,1,7,9,35,2,16
3,17,51,1,5,6,27,1,11
3,17,52,1,2,9,15,7,11
3,17,53,1,1,9,8,8,10
3,17,54,1,4,7,24,3,11
3,17,55,0,3,4,16,1,7
3,17,56,0,6,9,33,3,15
3,17,57,0,3,5,17,2,8
3,17,58,1,5,7,28,2,12
3,17,59,1,3,9,21,6,12
3,17,60,1,4,8,25,4,12
3,17,61,1,2,7,13,5,9
3,17,62,1,5,8,29,3,13
3,17,63,1,2,5,11,3,7
3,17,64,1,7,8,34,1,15
3,17,65,0,6,8,32,2,14
3,17,66,1,2,4,10,2,6
3,17,67,0,1,4,3,3,5
3,17,68,1,8,9,36,1,17
3,17,69,0,4,5,22,1,9
3,17,70,1,1,2,1,1,3
3,17,71,1,2,6,12,4,8
3,17,72,0,6,7,31,1,13
3,17,73,1,2,9,15,7,11
3,17,74,0,6,7,31,1,13
3,17,75,1,2,3,9,1,5
3,17,76,1,8,9,36,1,17
3,17,77,1,5,6,27,1,11
3,17,78,1,7,8,34,1,15
3,17,79,0,1,5,4,4,6
3,17,80,1,4,9,26,5,13
3,17,81,1,1,6,5,5,7
3,17,82,1,4,6,23,2,10
3,17,83,1,1,9,8,8,10
3,17,84,1,4,7,24,3,11
3,17,85,1,7,9,35,2,16
3,17,86,1,2,5,11,3,7
3,17,87,1,1,3,2,2,4
3,17,88,1,1,4,3,3,5
3,17,89,1,5,8,29,3,13
3,17,90,1,5,9,30,4,14
3,17,91,1,3,8,20,5,11
3,17,92,1,3,9,21,6,12
3,17,93,1,3,5,17,2,8
3,17,94,0,6,8,32,2,14
3,17,95,1,3,7,19,4,10
3,17,96,1,3,4,16,1,7
3,17,97,1,5,7,28,2,12
3,17,98,1,1,2,1,1,3
3,17,99,1,4,8,25,4,12
3,17,100,1,2,6,12,4,8
3,17,101,1,1,7,6,6,8
3,17,102,1,4,5,22,1,9
3,17,103,1,6,9,33,3,15
3,17,104,0,2,4,10,2,6
3,17,105,1,2,8,14,6,10
3,17,106,1,2,7,13,5,9
3,17,107,1,1,8,7,7,9
3,17,108,1,3,6,18,3,9
3,17,109,1,6,8,32,2,14
3,17,110,1,1,8,7,7,9
3,17,111,1,1,2,1,1,3
3,17,112,1,3,7,19,4,10
3,17,113,0,1,3,2,2,4
3,17,114,1,2,8,14,6,10
3,17,115,1,3,9,21,6,12
3,17,116,1,3,8,20,5,11
3,17,117,1,5,8,29,3,13
3,17,118,1,2,9,15,7,11
3,17,119,1,1,6,5,5,7
3,17,120,1,1,7,6,6,8
3,17,121,1,2,3,9,1,5
3,17,122,1,7,8,34,1,15
3,17,123,1,5,6,27,1,11
3,17,124,1,3,6,18,3,9
3,17,125,1,4,5,22,1,9
3,17,126,1,5,7,28,2,12
3,17,127,1,2,6,12,4,8
3,17,128,0,1,4,3,3,5
3,17,129,1,6,9,33,3,15
3,17,130,1,4,9,26,5,13
3,17,131,1,6,7,31,1,13
3,17,132,0,2,5,11,3,7
3,17,133,1,2,7,13,5,9
3,17,134,1,5,9,30,4,14
3,17,135,1,4,6,23,2,10
3,17,136,1,1,9,8,8,10
3,17,137,1,1,5,4,4,6
3,17,138,1,8,9,36,1,17
3,17,139,0,3,4,16,1,7
3,17,140,1,7,9,35,2,16
3,17,141,1,4,7,24,3,11
3,17,142,1,3,5,17,2,8
3,17,143,1,4,8,25,4,12
3,17,144,0,2,4,10,2,6
3,18,1,1,5,7,28,2,12
3,18,2,0,2,9,15,7,11
3,18,3,1,3,8,20,5,11
3,18,4,0,4,5,22,1,9
3,18,5,0,4,7,24,3,11
3,18,6,1,2,5,11,3,7
3,18,7,1,3,4,16,1,7
3,18,8,1,1,7,6,6,8
3,18,9,1,1,5,4,4,6
3,18,10,1,2,4,10,2,6
3,18,11,1,6,9,33,3,15
3,18,12,0,5,8,29,3,13
3,18,13,0,6,8,32,2,14
3,18,14,1,4,9,26,5,13
3,18,15,1,1,6,5,5,7
3,18,16,1,1,8,7,7,9
3,18,17,1,6,7,31,1,13
3,18,18,1,2,7,13,5,9
3,18,19,1,2,8,14,6,10
3,18,20,0,7,9,35,2,16
3,18,21,1,4,6,23,2,10
3,18,22,0,5,6,27,1,11
3,18,23,1,3,5,17,2,8
3,18,24,1,1,2,1,1,3
3,18,25,1,1,4,3,3,5
3,18,26,1,1,9,8,8,10
3,18,27,1,3,9,21,6,12
3,18,28,1,4,8,25,4,12
3,18,29,1,3,6,18,3,9
3,18,30,0,5,9,30,4,14
3,18,31,1,3,7,19,4,10
3,18,32,1,2,6,12,4,8
3,18,33,1,8,9,36,1,17
3,18,34,0,7,8,34,1,15
3,18,35,1,2,3,9,1,5
3,18,36,1,1,3,2,2,4
3,18,37,1,5,7,28,2,12
3,18,38,1,1,8,7,7,9
3,18,39,1,2,8,14,6,10
3,18,40,1,1,7,6,6,8
3,18,41,1,4,6,23,2,10
3,18,42,1,6,8,32,2,14
3,18,43,1,1,2,1,1,3
3,18,44,1,3,5,17,2,8
3,18,45,1,5,8,29,3,13
3,18,46,1,2,5,11,3,7
3,18,47,1,3,4,16,1,7
3,18,48,1,3,8,20,5,11
3,18,49,1,4,5,22,1,9
3,18,50,1,3,9,21,6,12
3,18,51,1,1,9,8,8,10
3,18,52,1,1,6,5,5,7
3,18,53,1,1,4,3,3,5
3,18,54,0,1,3,2,2,4
3,18,55,1,2,9,15,7,11
3,18,56,0,7,9,35,2,16
3,18,57,1,5,9,30,4,14
3,18,58,0,8,9,36,1,17
3,18,59,1,4,8,25,4,12
3,18,60,1,7,8,34,1,15
3,18,61,1,2,4,10,2,6
3,18,62,1,1,5,4,4,6
3,18,63,1,3,6,18,3,9
3,18,64,1,6,7,31,1,13
3,18,65,1,4,7,24,3,11
3,18,66,1,2,6,12,4,8
3,18,67,1,3,7,19,4,10
3,18,68,1,4,9,26,5,13
3,18,69,1,6,9,33,3,15
3,18,70,0,5,6,27,1,11
3,18,71,1,2,3,9,1,5
3,18,72,1,2,7,13,5,9
3,18,73,1,6,9,33,3,15
3,18,74,1,2,7,13,5,9
3,18,75,1,2,4,10,2,6
3,18,76,1,3,8,20,5,11
3,18,77,0,2,3,9,1,5
3,18,78,1,1,8,7,7,9
3,18,79,1,1,7,6,6,8
3,18,80,1,2,9,15,7,11
3,18,81,0,8,9,36,1,17
3,18,82,1,3,9,21,6,12
3,18,83,1,6,8,32,2,14
3,18,84,1,2,8,14,6,10
3,18,85,1,5,7,28,2,12
3,18,86,1,5,6,27,1,11
3,18,87,1,6,7,31,1,13
3,18,88,1,5,8,29,3,13
3,18,89,1,1,3,2,2,4
3,18,90,1,1,9,8,8,10
3,18,91,1,2,6,12,4,8
3,18,92,1,3,4,16,1,7
3,18,93,1,3,7,19,4,10
3,18,94,1,4,8,25,4,12
3,18,95,0,4,5,22,1,9
3,18,96,1,4,9,26,5,13
3,18,97,1,1,4,3,3,5
3,18,98,1,1,5,4,4,6
3,18,99,1,7,9,35,2,16
3,18,100,1,3,5,17,2,8
3,18,101,1,1,2,1,1,3
3,18,102,1,3,6,18,3,9
3,18,103,1,1,6,5,5,7
3,18,104,1,7,8,34,1,15
3,18,105,1,4,7,24,3,11
3,18,106,1,4,6,23,2,10
3,18,107,1,5,9,30,4,14
3,18,108,1,2,5,11,3,7
3,18,109,0,5,7,28,2,12
3,18,110,0,6,7,31,1,13
3,18,111,1,1,3,2,2,4
3,18,112,1,3,4,16,1,7
3,18,113,1,1,2,1,1,3
3,18,114,1,4,8,25,4,12
3,18,115,1,7,9,35,2,16
3,18,116,1,2,5,11,3,7
3,18,117,1,2,8,14,6,10
3,18,118,1,1,4,3,3,5
3,18,119,1,1,8,7,7,9
3,18,120,1,6,9,33,3,15
3,18,121,1,7,8,34,1,15
3,18,122,1,5,9,30,4,14
3,18,123,1,4,6,23,2,10
3,18,124,1,4,7,24,3,11
3,18,125,1,5,8,29,3,13
3,18,126,1,2,7,13,5,9
3,18,127,1,1,5,4,4,6
3,18,128,1,2,6,12,4,8
3,18,129,0,2,3,9,1,5
3,18,130,1,3,8,20,5,11
3,18,131,1,5,6,27,1,11
3,18,132,1,4,5,22,1,9
3,18,133,1,3,5,17,2,8
3,18,134,1,8,9,36,1,17
3,18,135,1,3,6,18,3,9
3,18,136,1,3,7,19,4,10
3,18,137,1,1,7,6,6,8
3,18,138,1,1,6,5,5,7
3,18,139,1,3,9,21,6,12
3,18,140,0,6,8,32,2,14
3,18,141,1,2,4,10,2,6
3,18,142,1,4,9,26,5,13
3,18,143,1,2,9,15,7,11
3,18,144,1,1,9,8,8,10
3,19,1,0,3,7,19,4,10
3,19,2,1,1,9,8,8,10
3,19,3,1,5,6,27,1,11
3,19,4,0,3,9,21,6,12
3,19,5,1,1,5,4,4,6
3,19,6,0,6,8,32,2,14
3,19,7,1,5,7,28,2,12
3,19,8,0,3,8,20,5,11
3,19,9,1,1,2,1,1,3
3,19,10,1,2,3,9,1,5
3,19,11,1,1,6,5,5,7
3,19,12,1,2,8,14,6,10
3,19,13,1,2,4,10,2,6
3,19,14,1,1,3,2,2,4
3,19,15,1,2,7,13,5,9
3,19,16,0,7,9,35,2,16
3,19,17,0,7,8,34,1,15
3,19,18,1,1,7,6,6,8
3,19,19,1,4,7,24,3,11
3,19,20,1,2,5,11,3,7
3,19,21,1,4,6,23,2,10
3,19,22,0,8,9,36,1,17
3,19,23,1,2,6,12,4,8
3,19,24,1,4,5,22,1,9
3,19,25,1,6,7,31,1,13
3,19,26,1,4,8,25,4,12
3,19,27,1,4,9,26,5,13
3,19,28,0,3,6,18,3,9
3,19,29,1,6,9,33,3,15
3,19,30,1,5,9,30,4,14
3,19,31,0,1,4,3,3,5
3,19,32,1,2,9,15,7,11
3,19,33,0,3,5,17,2,8
3,19,34,1,5,8,29,3,13
3,19,35,0,3,4,16,1,7
3,19,36,1,1,8,7,7,9
3,19,37,0,3,7,19,4,10
3,19,38,1,2,4,10,2,6
3,19,39,1,1,9,8,8,10
3,19,40,1,2,9,15,7,11
3,19,41,1,1,6,5,5,7
3,19,42,1,8,9,36,1,17
3,19,43,0,3,8,20,5,11
3,19,44,1,4,6,23,2,10
3,19,45,1,4,9,26,5,13
3,19,46,0,3,6,18,3,9
3,19,47,1,2,7,13,5,9
3,19,48,0,7,8,34,1,15
3,19,49,1,6,9,33,3,15
3,19,50,0,3,5,17,2,8
3,19,51,0,5,7,28,2,12
3,19,52,0,5,6,27,1,11
3,19,53,1,1,3,2,2,4
3,19,54,1,4,7,24,3,11
3,19,55,0,6,8,32,2,14
3,19,56,1,1,7,6,6,8
3,19,57,0,1,2,1,1,3
3,19,58,1,3,9,21,6,12
3,19,59,1,7,9,35,2,16
3,19,60,0,1,4,3,3,5
3,19,61,1,2,8,14,6,10
3,19,62,0,6,7,31,1,13
3,19,63,1,4,8,25,4,12
3,19,64,0,5,8,29,3,13
3,19,65,0,5,9,30,4,14
3,19,66,1,4,5,22,1,9
3,19,67,1,2,3,9,1,5
3,19,68,1,2,6,12,4,8
3,19,69,0,3,4,16,1,7
3,19,70,1,2,5,11,3,7
3,19,71,1,1,8,7,7,9
3,19,72,1,1,5,4,4,6
3,19,73,1,2,7,13,5,9
3,19,74,1,6,8,32,2,14
3,19,75,1,4,5,22,1,9
3,19,76,1,1,8,7,7,9
3,19,77,1,4,8,25,4,12
3,19,78,1,2,9,15,7,11
3,19,79,0,3,4,16,1,7
3,19,80,1,1,6,5,5,7
3,19,81,1,1,2,1,1,3
3,19,82,1,1,3,2,2,4
3,19,83,1,3,9,21,6,12
3,19,84,1,3,6,18,3,9
3,19,85,0,5,6,27,1,11
3,19,86,1,1,7,6,6,8
3,19,87,1,2,6,12,4,8
3,19,88,1,2,3,9,1,5
3,19,89,1,1,4,3,3,5
3,19,90,0,5,9,30,4,14
3,19,91,1,2,4,10,2,6
3,19,92,1,2,5,11,3,7
3,19,93,1,4,7,24,3,11
3,19,94,1,2,8,14,6,10
3,19,95,1,7,8,34,1,15
3,19,96,1,7,9,35,2,16
3,19,97,0,5,8,29,3,13
3,19,98,1,1,5,4,4,6
3,19,99,1,3,8,20,5,11
3,19,100,0,6,7,31,1,13
3,19,101,1,8,9,36,1,17
3,19,102,1,4,9,26,5,13
3,19,103,1,6,9,33,3,15
3,19,104,1,1,9,8,8,10
3,19,105,1,3,7,19,4,10
3,19,106,1,3,5,17,2,8
3,19,107,1,4,6,23,2,10
3,19,108,0,5,7,28,2,12
3,19,109,1,8,9,36,1,17
3,19,110,0,6,7,31,1,13
3,19,111,1,2,9,15,7,11
3,19,112,0,5,7,28,2,12
3,19,113,1,3,9,21,6,12
3,19,114,0,4,6,23,2,10
3,19,115,1,1,7,6,6,8
3,19,116,1,7,8,34,1,15
3,19,117,1,1,9,8,8,10
3,19,118,1,7,9,35,2,16
3,19,119,1,2,3,9,1,5
3,19,120,0,6,9,33,3,15
3,19,121,1,1,3,2,2,4
3,19,122,1,3,5,17,2,8
3,19,123,1,2,6,12,4,8
3,19,124,1,1,4,3,3,5
3,19,125,0,5,9,30,4,14
3,19,126,0,5,6,27,1,11
3,19,127,1,3,6,18,3,9
3,19,128,1,3,8,20,5,11
3,19,129,1,1,5,4,4,6
3,19,130,1,1,6,5,5,7
3,19,131,1,1,8,7,7,9
3,19,132,1,4,9,26,5,13
3,19,133,1,2,5,11,3,7
3,19,134,1,2,8,14,6,10
3,19,135,1,4,7,24,3,11
3,19,136,0,6,8,32,2,14
3,19,137,1,4,8,25,4,12
3,19,138,1,2,4,10,2,6
3,19,139,1,2,7,13,5,9
3,19,140,1,4,5,22,1,9
3,19,141,1,1,2,1,1,3
3,19,142,0,5,8,29,3,13
3,19,143,0,3,4,16,1,7
3,19,144,1,3,7,19,4,10
3,20,1,1,4,6,23,2,10
3,20,2,1,4,8,25,4,12
3,20,3,1,1,9,8,8,10
3,20,4,0,6,9,33,3,15
3,20,5,1,4,9,26,5,13
3,20,6,0,2,9,15,7,11
3,20,7,1,7,8,34,1,15
3,20,8,1,8,9,36,1,17
3,20,9,0,1,4,3,3,5
3,20,10,1,1,8,7,7,9
3,20,11,0,2,5,11,3,7
3,20,12,1,3,8,20,5,11
3,20,13,0,2,4,10,2,6
3,20,14,0,5,6,27,1,11
3,20,15,1,1,5,4,4,6
3,20,16,0,2,6,12,4,8
3,20,17,1,4,5,22,1,9
3,20,18,0,3,6,18,3,9
3,20,19,1,3,5,17,2,8
3,20,20,0,2,8,14,6,10
3,20,21,1,3,9,21,6,12
3,20,22,0,3,4,16,1,7
3,20,23,0,5,8,29,3,13
3,20,24,0,2,7,13,5,9
3,20,25,0,2,3,9,1,5
3,20,26,1,1,7,6,6,8
3,20,27,1,1,3,2,2,4
3,20,28,0,5,7,28,2,12
3,20,29,1,1,6,5,5,7
3,20,30,1,6,8,32,2,14
3,20,31,1,5,9,30,4,14
3,20,32,1,3,7,19,4,10
3,20,33,1,1,2,1,1,3
3,20,34,0,7,9,35,2,16
3,20,35,1,6,7,31,1,13
3,20,36,1,4,7,24,3,11
3,20,37,0,3,6,18,3,9
3,20,38,1,2,7,13,5,9
3,20,39,1,5,7,28,2,12
3,20,40,1,4,6,23,2,10
3,20,41,0,1,4,3,3,5
3,20,42,1,1,8,7,7,9
3,20,43,1,1,3,2,2,4
3,20,44,1,2,5,11,3,7
3,20,45,1,4,8,25,4,12
3,20,46,0,3,7,19,4,10
3,20,47,1,3,5,17,2,8
3,20,48,1,5,6,27,1,11
3,20,49,1,1,9,8,8,10
3,20,50,1,1,2,1,1,3
3,20,51,1,8,9,36,1,17
3,20,52,0,7,8,34,1,15
3,20,53,1,3,9,21,6,12
3,20,54,0,2,8,14,6,10
3,20,55,1,1,6,5,5,7
3,20,56,1,4,5,22,1,9
3,20,57,1,4,7,24,3,11
3,20,58,0,6,8,32,2,14
3,20,59,0,5,9,30,4,14
3,20,60,0,7,9,35,2,16
3,20,61,0,2,4,10,2,6
3,20,62,1,2,3,9,1,5
3,20,63,1,1,7,6,6,8
3,20,64,1,1,5,4,4,6
3,20,65,1,6,9,33,3,15
3,20,66,1,2,9,15,7,11
3,20,67,0,5,8,29,3,13
3,20,68,1,2,6,12,4,8
3,20,69,0,3,4,16,1,7
3,20,70,1,3,8,20,5,11
3,20,71,1,4,9,26,5,13
3,20,72,1,6,7,31,1,13
3,20,73,0,3,6,18,3,9
3,20,74,1,1,8,7,7,9
3,20,75,1,2,3,9,1,5
3,20,76,0,1,4,3,3,5
3,20,77,1,2,7,13,5,9
3,20,78,0,3,4,16,1,7
3,20,79,1,4,7,24,3,11
3,20,80,1,6,8,32,2,14
3,20,81,0,5,6,27,1,11
3,20,82,0,8,9,36,1,17
3,20,83,1,1,6,5,5,7
3,20,84,1,2,6,12,4,8
3,20,85,1,4,9,26,5,13
3,20,86,1,1,2,1,1,3
3,20,87,1,7,9,35,2,16
3,20,88,1,5,9,30,4,14
3,20,89,1,7,8,34,1,15
3,20,90,1,2,4,10,2,6
3,20,91,1,3,7,19,4,10
3,20,92,1,2,9,15,7,11
3,20,93,0,3,5,17,2,8
3,20,94,1,4,8,25,4,12
3,20,95,1,2,8,14,6,10
3,20,96,1,1,7,6,6,8
3,20,97,1,3,8,20,5,11
3,20,98,1,1,5,4,4,6
3,20,99,1,4,5,22,1,9
3,20,100,1,5,8,29,3,13
3,20,101,1,5,7,28,2,12
3,20,102,1,4,6,23,2,10
3,20,103,0,6,7,31,1,13
3,20,104,1,1,3,2,2,4
3,20,105,1,1,9,8,8,10
3,20,106,1,2,5,11,3,7
3,20,107,1,6,9,33,3,15
3,20,108,1,3,9,21,6,12
3,20,109,1,6,7,31,1,13
3,20,110,1,7,8,34,1,15
3,20,111,1,2,6,12,4,8
3,20,112,1,5,9,30,4,14
3,20,113,1,1,4,3,3,5
3,20,114,1,4,7,24,3,11
3,20,115,1,4,6,23,2,10
3,20,116,1,1,5,4,4,6
3,20,117,1,4,9,26,5,13
3,20,118,1,5,6,27,1,11
3,20,119,1,3,9,21,6,12
3,20,120,1,3,6,18,3,9
3,20,121,1,2,8,14,6,10
3,20,122,1,2,3,9,1,5
3,20,123,1,4,8,25,4,12
3,20,124,1,8,9,36,1,17
3,20,125,1,1,9,8,8,10
3,20,126,1,4,5,22,1,9
3,20,127,0,6,8,32,2,14
3,20,128,0,3,4,16,1,7
3,20,129,1,2,7,13,5,9
3,20,130,1,1,7,6,6,8
3,20,131,1,5,7,28,2,12
3,20,132,1,1,6,5,5,7
3,20,133,1,1,3,2,2,4
3,20,134,1,3,7,19,4,10
3,20,135,1,2,9,15,7,11
3,20,136,1,3,8,20,5,11
3,20,137,1,3,5,17,2,8
3,20,138,1,1,8,7,7,9
3,20,139,1,7,9,35,2,16
3,20,140,1,6,9,33,3,15
3,20,141,1,2,5,11,3,7
3,20,142,1,5,8,29,3,13
3,20,143,0,2,4,10,2,6
3,20,144,1,1,2,1,1,3
3,21,1,1,5,9,30,4,14
3,21,2,1,1,8,7,7,9
3,21,3,0,2,5,11,3,7
3,21,4,0,3,5,17,2,8
3,21,5,0,3,8,20,5,11
3,21,6,0,5,8,29,3,13
3,21,7,1,1,4,3,3,5
3,21,8,1,2,4,10,2,6
3,21,9,1,8,9,36,1,17
3,21,10,1,6,8,32,2,14
3,21,11,1,1,3,2,2,4
3,21,12,0,7,9,35,2,16
3,21,13,1,2,8,14,6,10
3,21,14,1,2,3,9,1,5
3,21,15,1,2,9,15,7,11
3,21,16,1,1,5,4,4,6
3,21,17,0,4,8,25,4,12
3,21,18,1,2,6,12,4,8
3,21,19,0,4,9,26,5,13
3,21,20,1,3,9,21,6,12
3,21,21,0,6,9,33,3,15
3,21,22,0,4,6,23,2,10
3,21,23,0,5,6,27,1,11
3,21,24,1,2,7,13,5,9
3,21,25,0,4,7,24,3,11
3,21,26,0,4,5,22,1,9
3,21,27,1,1,9,8,8,10
3,21,28,1,6,7,31,1,13
3,21,29,1,1,7,6,6,8
3,21,30,0,7,8,34,1,15
3,21,31,1,5,7,28,2,12
3,21,32,1,3,7,19,4,10
3,21,33,1,1,2,1,1,3
3,21,34,1,3,6,18,3,9
3,21,35,1,3,4,16,1,7
3,21,36,1,1,6,5,5,7
3,21,37,0,4,7,24,3,11
3,21,38,1,5,7,28,2,12
3,21,39,0,4,6,23,2,10
3,21,40,1,1,8,7,7,9
3,21,41,1,2,9,15,7,11
3,21,42,1,2,3,9,1,5
3,21,43,1,1,4,3,3,5
3,21,44,1,1,3,2,2,4
3,21,45,1,3,8,20,5,11
3,21,46,1,8,9,36,1,17
3,21,47,1,5,8,29,3,13
3,21,48,1,2,5,11,3,7
3,21,49,1,5,6,27,1,11
3,21,50,1,1,6,5,5,7
3,21,51,0,4,8,25,4,12
3,21,52,0,6,7,31,1,13
3,21,53,1,6,8,32,2,14
3,21,54,0,3,6,18,3,9
3,21,55,1,1,7,6,6,8
3,21,56,1,2,8,14,6,10
3,21,57,1,2,7,13,5,9
3,21,58,0,1,2,1,1,3
3,21,59,0,4,5,22,1,9
3,21,60,1,3,9,21,6,12
3,21,61,1,3,4,16,1,7
3,21,62,1,1,9,8,8,10
3,21,63,1,5,9,30,4,14
3,21,64,1,3,5,17,2,8
3,21,65,1,3,7,19,4,10
3,21,66,1,2,4,10,2,6
3,21,67,0,7,9,35,2,16
3,21,68,0,7,8,34,1,15
3,21,69,1,1,5,4,4,6
3,21,70,1,6,9,33,3,15
3,21,71,1,2,6,12,4,8
3,21,72,0,4,9,26,5,13
3,21,73,1,1,2,1,1,3
3,21,74,1,3,8,20,5,11
3,21,75,0,4,9,26,5,13
3,21,76,0,8,9,36,1,17
3,21,77,0,4,7,24,3,11
3,21,78,1,2,5,11,3,7
3,21,79,1,7,8,34,1,15
3,21,80,1,2,6,12,4,8
3,21,81,0,4,8,25,4,12
3,21,82,1,1,6,5,5,7
3,21,83,1,2,8,14,6,10
3,21,84,1,6,9,33,3,15
3,21,85,0,5,6,27,1,11
3,21,86,1,5,8,29,3,13
3,21,87,1,2,9,15,7,11
3,21,88,1,7,9,35,2,16
3,21,89,1,1,3,2,2,4
3,21,90,1,1,8,7,7,9
3,21,91,1,5,7,28,2,12
3,21,92,1,3,9,21,6,12
3,21,93,1,3,5,17,2,8
3,21,94,0,4,5,22,1,9
3,21,95,1,6,8,32,2,14
3,21,96,1,3,7,19,4,10
3,21,97,0,4,6,23,2,10
3,21,98,1,6,7,31,1,13
3,21,99,1,2,7,13,5,9
3,21,100,1,3,4,16,1,7
3,21,101,1,3,6,18,3,9
3,21,102,1,1,9,8,8,10
3,21,103,1,1,4,3,3,5
3,21,104,1,1,7,6,6,8
3,21,105,1,5,9,30,4,14
3,21,106,1,2,4,10,2,6
3,21,107,1,2,3,9,1,5
3,21,108,1,1,5,4,4,6
3,21,109,0,8,9,36,1,17
3,21,110,1,2,3,9,1,5
3,21,111,1,3,5,17,2,8
3,21,112,1,3,7,19,4,10
3,21,113,1,7,9,35,2,16
3,21,114,1,2,9,15,7,11
3,21,115,1,2,7,13,5,9
3,21,116,1,2,4,10,2,6
3,21,117,1,5,7,28,2,12
3,21,118,0,4,6,23,2,10
3,21,119,1,1,7,6,6,8
3,21,120,1,6,9,33,3,15
3,21,121,1,3,9,21,6,12
3,21,122,1,4,9,26,5,13
3,21,123,1,5,6,27,1,11
3,21,124,0,1,2,1,1,3
3,21,125,1,2,8,14,6,10
3,21,126,1,1,9,8,8,10
3,21,127,1,7,8,34,1,15
3,21,128,1,3,8,20,5,11
3,21,129,0,6,7,31,1,13
3,21,130,0,4,7,24,3,11
3,21,131,1,5,8,29,3,13
3,21,132,1,6,8,32,2,14
3,21,133,1,1,8,7,7,9
3,21,134,1,1,5,4,4,6
3,21,135,0,4,5,22,1,9
3,21,136,1,5,9,30,4,14
3,21,137,1,4,8,25,4,12
3,21,138,1,1,6,5,5,7
3,21,139,1,3,6,18,3,9
3,21,140,1,1,3,2,2,4
3,21,141,1,3,4,16,1,7
3,21,142,1,2,6,12,4,8
3,21,143,1,1,4,3,3,5
3,21,144,1,2,5,11,3,7
3,22,1,1,2,8,14,6,10
3,22,2,0,4,7,24,3,11
3,22,3,1,1,3,2,2,4
3,22,4,1,3,9,21,6,12
3,22,5,1,5,7,28,2,12
3,22,6,0,4,9,26,5,13
3,22,7,1,5,9,30,4,14
3,22,8,1,3,7,19,4,10
3,22,9,0,6,8,32,2,14
3,22,10,1,1,5,4,4,6
3,22,11,1,1,7,6,6,8
3,22,12,0,4,6,23,2,10
3,22,13,1,3,4,16,1,7
3,22,14,1,1,8,7,7,9
3,22,15,0,4,5,22,1,9
3,22,16,1,3,5,17,2,8
3,22,17,1,2,6,12,4,8
3,22,18,1,1,9,8,8,10
3,22,19,1,2,7,13,5,9
3,22,20,1,5,6,27,1,11
3,22,21,1,1,6,5,5,7
3,22,22,1,2,5,11,3,7
3,22,23,1,7,8,34,1,15
3,22,24,1,1,4,3,3,5
3,22,25,1,3,6,18,3,9
3,22,26,1,1,2,1,1,3
3,22,27,1,2,9,15,7,11
3,22,28,1,3,8,20,5,11
3,22,29,1,2,4,10,2,6
3,22,30,0,6,7,31,1,13
3,22,31,0,6,9,33,3,15
3,22,32,0,4,8,25,4,12
3,22,33,1,7,9,35,2,16
3,22,34,0,8,9,36,1,17
3,22,35,1,5,8,29,3,13
3,22,36,0,2,3,9,1,5
3,22,37,1,1,4,3,3,5
3,22,38,1,5,6,27,1,11
3,22,39,1,5,9,30,4,14
3,22,40,1,1,3,2,2,4
3,22,41,1,3,5,17,2,8
3,22,42,1,2,6,12,4,8
3,22,43,1,5,7,28,2,12
3,22,44,0,6,9,33,3,15
3,22,45,1,3,9,21,6,12
3,22,46,1,1,9,8,8,10
3,22,47,1,1,6,5,5,7
3,22,48,1,2,7,13,5,9
3,22,49,1,1,7,6,6,8
3,22,50,1,7,8,34,1,15
3,22,51,0,2,5,11,3,7
3,22,52,1,3,4,16,1,7
3,22,53,0,4,6,23,2,10
3,22,54,1,1,2,1,1,3
3,22,55,1,6,8,32,2,14
3,22,56,1,7,9,35,2,16
3,22,57,1,8,9,36,1,17
3,22,58,0,2,3,9,1,5
3,22,59,1,5,8,29,3,13
3,22,60,0,4,8,25,4,12
3,22,61,1,3,7,19,4,10
3,22,62,1,3,6,18,3,9
3,22,63,1,3,8,20,5,11
3,22,64,1,1,5,4,4,6
3,22,65,1,2,9,15,7,11
3,22,66,0,6,7,31,1,13
3,22,67,1,4,7,24,3,11
3,22,68,0,4,5,22,1,9
3,22,69,1,2,8,14,6,10
3,22,70,1,1,8,7,7,9
3,22,71,1,2,4,10,2,6
3,22,72,1,4,9,26,5,13
3,22,73,1,1,9,8,8,10
3,22,74,0,4,5,22,1,9
3,22,75,1,8,9,36,1,17
3,22,76,1,3,4,16,1,7
3,22,77,1,3,6,18,3,9
3,22,78,1,1,8,7,7,9
3,22,79,1,3,7,19,4,10
3,22,80,1,2,7,13,5,9
3,22,81,0,6,8,32,2,14
3,22,82,1,1,4,3,3,5
3,22,83,1,7,9,35,2,16
3,22,84,0,2,3,9,1,5
3,22,85,1,3,5,17,2,8
3,22,86,1,6,7,31,1,13
3,22,87,0,4,8,25,4,12
3,22,88,1,5,6,27,1,11
3,22,89,1,2,5,11,3,7
3,22,90,1,2,9,15,7,11
3,22,91,1,3,9,21,6,12
3,22,92,1,1,3,2,2,4
3,22,93,0,7,8,34,1,15
3,22,94,1,1,5,4,4,6
3,22,95,1,2,8,14,6,10
3,22,96,1,1,7,6,6,8
3,22,97,1,5,9,30,4,14
3,22,98,1,4,9,26,5,13
3,22,99,1,3,8,20,5,11
3,22,100,1,5,8,29,3,13
3,22,101,1,1,2,1,1,3
3,22,102,1,1,6,5,5,7
3,22,103,1,5,7,28,2,12
3,22,104,1,2,6,12,4,8
3,22,105,0,4,6,23,2,10
3,22,106,1,6,9,33,3,15
3,22,107,1,4,7,24,3,11
3,22,108,1,2,4,10,2,6
3,22,109,1,1,8,7,7,9
3,22,110,1,8,9,36,1,17
3,22,111,1,5,9,30,4,14
3,22,112,1,5,6,27,1,11
3,22,113,1,4,6,23,2,10
3,22,114,1,7,9,35,2,16
3,22,115,1,4,9,26,5,13
3,22,116,1,2,5,11,3,7
3,22,117,1,1,7,6,6,8
3,22,118,1,3,6,18,3,9
3,22,119,1,6,8,32,2,14
3,22,120,1,1,2,1,1,3
3,22,121,1,1,6,5,5,7
3,22,122,1,4,8,25,4,12
3,22,123,1,7,8,34,1,15
3,22,124,1,1,5,4,4,6
3,22,125,1,4,7,24,3,11
3,22,126,1,4,5,22,1,9
3,22,127,1,5,8,29,3,13
3,22,128,1,5,7,28,2,12
3,22,129,1,6,9,33,3,15
3,22,130,1,1,4,3,3,5
3,22,131,1,2,8,14,6,10
3,22,132,0,2,3,9,1,5
3,22,133,1,3,9,21,6,12
3,22,134,1,3,7,19,4,10
3,22,135,1,3,4,16,1,7
3,22,136,1,3,8,20,5,11
3,22,137,1,2,6,12,4,8
3,22,138,1,2,9,15,7,11
3,22,139,1,1,3,2,2,4
3,22,140,0,2,4,10,2,6
3,22,141,1,2,7,13,5,9
3,22,142,0,3,5,17,2,8
3,22,143,1,1,9,8,8,10
3,22,144,1,6,7,31,1,13
3,23,1,1,5,8,29,3,13
3,23,2,0,2,5,11,3,7
3,23,3,0,1,4,3,3,5
3,23,4,1,6,7,31,1,13
3,23,5,0,5,6,27,1,11
3,23,6,1,6,8,32,2,14
3,23,7,1,5,9,30,4,14
3,23,8,0,1,8,7,7,9
3,23,9,0,3,9,21,6,12
3,23,10,1,6,9,33,3,15
3,23,11,1,3,7,19,4,10
3,23,12,1,7,8,34,1,15
3,23,13,0,2,9,15,7,11
3,23,14,0,1,5,4,4,6
3,23,15,0,4,9,26,5,13
3,23,16,0,5,7,28,2,12
3,23,17,0,4,8,25,4,12
3,23,18,1,2,8,14,6,10
3,23,19,1,2,4,10,2,6
3,23,20,1,4,5,22,1,9
3,23,21,0,2,6,12,4,8
3,23,22,1,7,9,35,2,16
3,23,23,0,4,7,24,3,11
3,23,24,0,1,3,2,2,4
3,23,25,1,2,3,9,1,5
3,23,26,1,3,4,16,1,7
3,23,27,0,1,6,5,5,7
3,23,28,0,4,6,23,2,10
3,23,29,1,1,7,6,6,8
3,23,30,1,8,9,36,1,17
3,23,31,1,3,6,18,3,9
3,23,32,1,3,8,20,5,11
3,23,33,1,3,5,17,2,8
3,23,34,1,1,2,1,1,3
3,23,35,1,2,7,13,5,9
3,23,36,1,1,9,8,8,10
3,23,37,0,2,3,9,1,5
3,23,38,1,4,5,22,1,9
3,23,39,1,3,5,17,2,8
3,23,40,1,3,7,19,4,10
3,23,41,1,2,8,14,6,10
3,23,42,1,7,8,34,1,15
3,23,43,0,5,9,30,4,14
3,23,44,1,1,4,3,3,5
3,23,45,0,6,7,31,1,13
3,23,46,1,6,8,32,2,14
3,23,47,1,1,3,2,2,4
3,23,48,1,2,6,12,4,8
3,23,49,0,7,9,35,2,16
3,23,50,1,1,9,8,8,10
3,23,51,1,4,8,25,4,12
3,23,52,0,5,6,27,1,11
3,23,53,1,3,8,20,5,11
3,23,54,1,2,4,10,2,6
3,23,55,1,8,9,36,1,17
3,23,56,1,1,8,7,7,9
3,23,57,1,1,5,4,4,6
3,23,58,0,4,6,23,2,10
3,23,59,1,5,7,28,2,12
3,23,60,1,1,6,5,5,7
3,23,61,1,2,7,13,5,9
3,23,62,1,4,9,26,5,13
3,23,63,1,1,7,6,6,8
3,23,64,1,6,9,33,3,15
3,23,65,1,1,2,1,1,3
3,23,66,1,3,9,21,6,12
3,23,67,1,2,9,15,7,11
3,23,68,1,3,4,16,1,7
3,23,69,0,5,8,29,3,13
3,23,70,1,2,5,11,3,7
3,23,71,1,4,7,24,3,11
3,23,72,1,3,6,18,3,9
3,23,73,1,3,9,21,6,12
3,23,74,1,4,6,23,2,10
3,23,75,1,4,5,22,1,9
3,23,76,0,5,8,29,3,13
3,23,77,1,3,7,19,4,10
3,23,78,1,7,9,35,2,16
3,23,79,1,3,4,16,1,7
3,23,80,1,5,6,27,1,11
3,23,81,1,6,8,32,2,14
3,23,82,1,1,3,2,2,4
3,23,83,1,1,5,4,4,6
3,23,84,1,2,8,14,6,10
3,23,85,1,1,8,7,7,9
3,23,86,1,1,4,3,3,5
3,23,87,0,2,3,9,1,5
3,23,88,1,7,8,34,1,15
3,23,89,0,5,7,28,2,12
3,23,90,0,6,9,33,3,15
3,23,91,1,3,5,17,2,8
3,23,92,1,4,7,24,3,11
3,23,93,1,2,6,12,4,8
3,23,94,1,4,9,26,5,13
3,23,95,1,1,2,1,1,3
3,23,96,1,1,6,5,5,7
3,23,97,1,2,5,11,3,7
3,23,98,0,8,9,36,1,17
3,23,99,1,3,6,18,3,9
3,23,100,1,2,9,15,7,11
3,23,101,1,1,9,8,8,10
3,23,102,1,4,8,25,4,12
3,23,103,1,6,7,31,1,13
3,23,104,1,2,4,10,2,6
3,23,105,1,5,9,30,4,14
3,23,106,1,2,7,13,5,9
3,23,107,1,1,7,6,6,8
3,23,108,1,3,8,20,5,11
3,23,109,1,3,5,17,2,8
3,23,110,0,7,8,34,1,15
3,23,111,1,1,9,8,8,10
3,23,112,1,6,9,33,3,15
3,23,113,1,4,9,26,5,13
3,23,114,0,2,3,9,1,5
3,23,115,1,2,9,15,7,11
3,23,116,1,1,2,1,1,3
3,23,117,1,3,7,19,4,10
3,23,118,0,3,4,16,1,7
3,23,119,1,1,4,3,3,5
3,23,120,1,1,6,5,5,7
3,23,121,1,5,8,29,3,13
3,23,122,1,5,6,27,1,11
3,23,123,1,3,6,18,3,9
3,23,124,1,2,6,12,4,8
3,23,125,1,4,8,25,4,12
3,23,126,1,2,4,10,2,6
3,23,127,1,7,9,35,2,16
3,23,128,1,8,9,36,1,17
3,23,129,1,1,8,7,7,9
3,23,130,1,1,5,4,4,6
3,23,131,1,1,3,2,2,4
3,23,132,1,2,5,11,3,7
3,23,133,1,6,8,32,2,14
3,23,134,1,5,7,28,2,12
3,23,135,1,2,7,13,5,9
3,23,136,1,1,7,6,6,8
3,23,137,1,3,9,21,6,12
3,23,138,1,5,9,30,4,14
3,23,139,1,3,8,20,5,11
3,23,140,1,2,8,14,6,10
3,23,141,0,4,6,23,2,10
3,23,142,1,4,7,24,3,11
3,23,143,0,6,7,31,1,13
3,23,144,0,4,5,22,1,9
3,24,1,0,1,8,7,7,9
3,24,2,1,6,9,33,3,15
3,24,3,1,1,7,6,6,8
3,24,4,1,2,5,11,3,7
3,24,5,1,2,7,13,5,9
3,24,6,1,1,4,3,3,5
3,24,7,0,3,4,16,1,7
3,24,8,1,1,3,2,2,4
3,24,9,0,4,5,22,1,9
3,24,10,0,7,8,34,1,15
3,24,11,0,3,5,17,2,8
3,24,12,1,1,9,8,8,10
3,24,13,0,3,9,21,6,12
3,24,14,1,6,8,32,2,14
3,24,15,0,5,6,27,1,11
3,24,16,1,2,6,12,4,8
3,24,17,1,6,7,31,1,13
3,24,18,1,2,3,9,1,5
3,24,19,1,2,9,15,7,11
3,24,20,1,3,7,19,4,10
3,24,21,0,4,7,24,3,11
3,24,22,1,5,9,30,4,14
3,24,23,1,4,8,25,4,12
3,24,24,1,1,5,4,4,6
3,24,25,0,4,6,23,2,10
3,24,26,1,2,8,14,6,10
3,24,27,1,5,8,29,3,13
3,24,28,1,7,9,35,2,16
3,24,29,1,3,8,20,5,11
3,24,30,1,4,9,26,5,13
3,24,31,0,3,6,18,3,9
3,24,32,0,1,2,1,1,3
3,24,33,0,5,7,28,2,12
3,24,34,1,2,4,10,2,6
3,24,35,0,1,6,5,5,7
3,24,36,0,8,9,36,1,17
3,24,37,1,3,6,18,3,9
3,24,38,1,3,5,17,2,8
3,24,39,1,2,8,14,6,10
3,24,40,1,7,9,35,2,16
3,24,41,1,7,8,34,1,15
3,24,42,1,6,8,32,2,14
3,24,43,1,3,8,20,5,11
3,24,44,1,4,8,25,4,12
3,24,45,1,2,7,13,5,9
3,24,46,1,6,9,33,3,15
3,24,47,1,8,9,36,1,17
3,24,48,1,2,3,9,1,5
3,24,49,1,2,6,12,4,8
3,24,50,1,3,9,21,6,12
3,24,51,1,1,5,4,4,6
3,24,52,1,1,6,5,5,7
3,24,53,0,1,2,1,1,3
3,24,54,1,1,8,7,7,9
3,24,55,1,2,4,10,2,6
3,24,56,1,1,4,3,3,5
3,24,57,0,5,6,27,1,11
3,24,58,1,3,7,19,4,10
3,24,59,0,4,6,23,2,10
3,24,60,1,5,8,29,3,13
3,24,61,1,2,9,15,7,11
3,24,62,0,4,7,24,3,11
3,24,63,1,5,9,30,4,14
3,24,64,1,1,7,6,6,8
3,24,65,1,3,4,16,1,7
3,24,66,0,5,7,28,2,12
3,24,67,1,2,5,11,3,7
3,24,68,1,4,9,26,5,13
3,24,69,1,1,9,8,8,10
3,24,70,0,4,5,22,1,9
3,24,71,0,1,3,2,2,4
3,24,72,0,6,7,31,1,13
3,24,73,1,2,7,13,5,9
3,24,74,1,5,8,29,3,13
3,24,75,1,3,9,21,6,12
3,24,76,1,3,7,19,4,10
3,24,77,1,6,9,33,3,15
3,24,78,1,1,8,7,7,9
3,24,79,1,1,4,3,3,5
3,24,80,1,6,8,32,2,14
3,24,81,1,1,9,8,8,10
3,24,82,1,2,6,12,4,8
3,24,83,1,1,6,5,5,7
3,24,84,1,1,3,2,2,4
3,24,85,1,2,3,9,1,5
3,24,86,1,5,7,28,2,12
3,24,87,1,8,9,36,1,17
3,24,88,1,6,7,31,1,13
3,24,89,0,4,6,23,2,10
3,24,90,1,2,8,14,6,10
3,24,91,0,1,2,1,1,3
3,24,92,1,3,8,20,5,11
3,24,93,1,1,7,6,6,8
3,24,94,0,3,6,18,3,9
3,24,95,1,7,8,34,1,15
3,24,96,1,2,4,10,2,6
3,24,97,1,4,8,25,4,12
3,24,98,0,4,5,22,1,9
3,24,99,1,2,9,15,7,11
3,24,100,0,3,4,16,1,7
3,24,101,1,5,9,30,4,14
3,24,102,1,1,5,4,4,6
3,24,103,1,7,9,35,2,16
3,24,104,1,2,5,11,3,7
3,24,105,1,3,5,17,2,8
3,24,106,0,4,7,24,3,11
3,24,107,0,5,6,27,1,11
3,24,108,1,4,9,26,5,13
3,24,109,0,4,7,24,3,11
3,24,110,1,2,8,14,6,10
3,24,111,0,6,8,32,2,14
3,24,112,1,6,9,33,3,15
3,24,113,1,5,7,28,2,12
3,24,114,1,7,9,35,2,16
3,24,115,1,3,8,20,5,11
3,24,116,0,6,7,31,1,13
3,24,117,1,2,7,13,5,9
3,24,118,1,4,8,25,4,12
3,24,119,0,1,2,1,1,3
3,24,120,0,4,6,23,2,10
3,24,121,1,1,9,8,8,10
3,24,122,1,7,8,34,1,15
3,24,123,1,2,4,10,2,6
3,24,124,1,1,4,3,3,5
3,24,125,1,3,6,18,3,9
3,24,126,1,5,8,29,3,13
3,24,127,0,3,5,17,2,8
3,24,128,1,1,7,6,6,8
3,24,129,1,3,9,21,6,12
3,24,130,1,1,5,4,4,6
3,24,131,1,2,6,12,4,8
3,24,132,0,4,5,22,1,9
3,24,133,1,1,8,7,7,9
3,24,134,1,3,7,19,4,10
3,24,135,1,5,9,30,4,14
3,24,136,1,2,5,11,3,7
3,24,137,1,2,3,9,1,5
3,24,138,1,4,9,26,5,13
3,24,139,1,3,4,16,1,7
3,24,140,1,8,9,36,1,17
3,24,141,1,1,6,5,5,7
3,24,142,1,2,9,15,7,11
3,24,143,1,5,6,27,1,11
3,24,144,1,1,3,2,2,4
3,25,1,0,6,9,33,3,15
3,25,2,1,3,9,21,6,12
3,25,3,1,3,6,18,3,9
3,25,4,1,5,6,27,1,11
3,25,5,1,1,3,2,2,4
3,25,6,1,2,6,12,4,8
3,25,7,0,4,6,23,2,10
3,25,8,0,4,8,25,4,12
3,25,9,1,1,4,3,3,5
3,25,10,0,8,9,36,1,17
3,25,11,1,5,9,30,4,14
3,25,12,1,5,8,29,3,13
3,25,13,0,3,5,17,2,8
3,25,14,1,2,8,14,6,10
3,25,15,1,1,5,4,4,6
3,25,16,1,1,9,8,8,10
3,25,17,1,1,6,5,5,7
3,25,18,1,7,8,34,1,15
3,25,19,0,4,5,22,1,9
3,25,20,1,3,7,19,4,10
3,25,21,1,2,3,9,1,5
3,25,22,0,5,7,28,2,12
3,25,23,1,1,7,6,6,8
3,25,24,0,6,8,32,2,14
3,25,25,1,3,4,16,1,7
3,25,26,1,2,4,10,2,6
3,25,27,1,1,8,7,7,9
3,25,28,0,1,2,1,1,3
3,25,29,0,4,7,24,3,11
3,25,30,0,4,9,26,5,13
3,25,31,1,2,9,15,7,11
3,25,32,1,2,7,13,5,9
3,25,33,0,6,7,31,1,13
3,25,34,0,2,5,11,3,7
3,25,35,0,7,9,35,2,16
3,25,36,1,3,8,20,5,11
3,25,37,1,5,6,27,1,11
3,25,38,1,1,5,4,4,6
3,25,39,1,3,6,18,3,9
3,25,40,1,6,9,33,3,15
3,25,41,1,2,7,13,5,9
3,25,42,0,4,7,24,3,11
3,25,43,1,3,4,16,1,7
3,25,44,0,1,2,1,1,3
3,25,45,1,3,8,20,5,11
3,25,46,1,3,5,17,2,8
3,25,47,1,8,9,36,1,17
3,25,48,0,1,3,2,2,4
3,25,49,1,5,8,29,3,13
3,25,50,1,3,9,21,6,12
3,25,51,1,2,6,12,4,8
3,25,52,1,2,4,10,2,6
3,25,53,1,7,9,35,2,16
3,25,54,1,3,7,19,4,10
3,25,55,0,6,8,32,2,14
3,25,56,0,6,7,31,1,13
3,25,57,1,4,9,26,5,13
3,25,58,1,2,5,11,3,7
3,25,59,1,5,9,30,4,14
3,25,60,1,1,7,6,6,8
3,25,61,1,7,8,34,1,15
3,25,62,1,1,9,8,8,10
3,25,63,0,4,5,22,1,9
3,25,64,1,2,8,14,6,10
3,25,65,1,5,7,28,2,12
3,25,66,1,1,8,7,7,9
3,25,67,1,1,6,5,5,7
3,25,68,1,1,4,3,3,5
3,25,69,1,4,6,23,2,10
3,25,70,1,4,8,25,4,12
3,25,71,1,2,3,9,1,5
3,25,72,1,2,9,15,7,11
3,25,73,1,1,8,7,7,9
3,25,74,1,4,7,24,3,11
3,25,75,1,5,6,27,1,11
3,25,76,1,3,6,18,3,9
3,25,77,0,8,9,36,1,17
3,25,78,1,1,6,5,5,7
3,25,79,1,2,3,9,1,5
3,25,80,1,1,5,4,4,6
3,25,81,1,4,8,25,4,12
3,25,82,1,2,6,12,4,8
3,25,83,1,7,9,35,2,16
3,25,84,1,3,8,20,5,11
3,25,85,1,2,8,14,6,10
3,25,86,1,4,6,23,2,10
3,25,87,1,5,9,30,4,14
3,25,88,1,2,7,13,5,9
3,25,89,1,5,7,28,2,12
3,25,90,1,3,9,21,6,12
3,25,91,1,1,2,1,1,3
3,25,92,1,1,7,6,6,8
3,25,93,1,2,5,11,3,7
3,25,94,1,2,4,10,2,6
3,25,95,1,6,9,33,3,15
3,25,96,1,1,4,3,3,5
3,25,97,1,6,7,31,1,13
3,25,98,1,3,5,17,2,8
3,25,99,1,4,9,26,5,13
3,25,100,1,1,9,8,8,10
3,25,101,1,5,8,29,3,13
3,25,102,1,7,8,34,1,15
3,25,103,1,3,4,16,1,7
3,25,104,1,3,7,19,4,10
3,25,105,1,6,8,32,2,14
3,25,106,0,1,3,2,2,4
3,25,107,0,4,5,22,1,9
3,25,108,1,2,9,15,7,11
3,25,109,1,1,6,5,5,7
3,25,110,1,5,9,30,4,14
3,25,111,1,2,4,10,2,6
3,25,112,1,2,6,12,4,8
3,25,113,0,8,9,36,1,17
3,25,114,1,3,9,21,6,12
3,25,115,1,2,5,11,3,7
3,25,116,1,2,9,15,7,11
3,25,117,1,7,8,34,1,15
3,25,118,1,6,8,32,2,14
3,25,119,1,1,7,6,6,8
3,25,120,0,1,2,1,1,3
3,25,121,0,1,4,3,3,5
3,25,122,1,4,7,24,3,11
3,25,123,1,3,5,17,2,8
3,25,124,1,1,9,8,8,10
3,25,125,1,5,7,28,2,12
3,25,126,1,5,8,29,3,13
3,25,127,1,3,4,16,1,7
3,25,128,1,1,8,7,7,9
3,25,129,1,1,3,2,2,4
3,25,130,1,7,9,35,2,16
3,25,131,1,1,5,4,4,6
3,25,132,0,6,7,31,1,13
3,25,133,1,2,8,14,6,10
3,25,134,1,3,8,20,5,11
3,25,135,1,5,6,27,1,11
3,25,136,1,4,6,23,2,10
3,25,137,0,2,3,9,1,5
3,25,138,0,4,5,22,1,9
3,25,139,1,4,8,25,4,12
3,25,140,1,3,7,19,4,10
3,25,141,1,4,9,26,5,13
3,25,142,1,3,6,18,3,9
3,25,143,1,6,9,33,3,15
3,25,144,1,2,7,13,5,9
3,26,1,1,4,8,25,4,12
3,26,2,0,1,8,7,7,9
3,26,3,0,2,3,9,1,5
3,26,4,0,3,8,20,5,11
3,26,5,0,3,4,16,1,7
3,26,6,0,1,7,6,6,8
3,26,7,0,5,6,27,1,11
3,26,8,1,6,7,31,1,13
3,26,9,0,7,9,35,2,16
3,26,10,1,5,7,28,2,12
3,26,11,1,2,7,13,5,9
3,26,12,1,2,8,14,6,10
3,26,13,1,2,5,11,3,7
3,26,14,0,8,9,36,1,17
3,26,15,1,1,3,2,2,4
3,26,16,1,2,9,15,7,11
3,26,17,1,2,6,12,4,8
3,26,18,1,4,9,26,5,13
3,26,19,1,4,6,23,2,10
3,26,20,1,4,7,24,3,11
3,26,21,1,1,6,5,5,7
3,26,22,1,1,5,4,4,6
3,26,23,0,2,4,10,2,6
3,26,24,1,4,5,22,1,9
3,26,25,0,1,2,1,1,3
3,26,26,0,3,7,19,4,10
3,26,27,1,5,8,29,3,13
3,26,28,0,3,9,21,6,12
3,26,29,0,3,6,18,3,9
3,26,30,0,1,4,3,3,5
3,26,31,0,6,9,33,3,15
3,26,32,0,3,5,17,2,8
3,26,33,1,1,9,8,8,10
3,26,34,1,7,8,34,1,15
3,26,35,1,5,9,30,4,14
3,26,36,1,6,8,32,2,14
3,26,37,1,1,8,7,7,9
3,26,38,1,2,4,10,2,6
3,26,39,0,5,7,28,2,12
3,26,40,1,4,6,23,2,10
3,26,41,1,2,3,9,1,5
3,26,42,0,3,6,18,3,9
3,26,43,1,4,5,22,1,9
3,26,44,1,4,8,25,4,12
3,26,45,0,3,5,17,2,8
3,26,46,1,7,8,34,1,15
3,26,47,1,4,7,24,3,11
3,26,48,1,1,9,8,8,10
3,26,49,0,3,9,21,6,12
3,26,50,0,3,8,20,5,11
3,26,51,1,2,8,14,6,10
3,26,52,0,8,9,36,1,17
3,26,53,0,3,7,19,4,10
3,26,54,1,6,8,32,2,14
3,26,55,1,4,9,26,5,13
3,26,56,1,1,6,5,5,7
3,26,57,1,1,5,4,4,6
3,26,58,1,7,9,35,2,16
3,26,59,1,2,9,15,7,11
3,26,60,1,6,9,33,3,15
3,26,61,1,5,9,30,4,14
3,26,62,1,5,6,27,1,11
3,26,63,1,2,7,13,5,9
3,26,64,1,2,5,11,3,7
3,26,65,1,2,6,12,4,8
3,26,66,0,3,4,16,1,7
3,26,67,1,1,7,6,6,8
3,26,68,0,1,2,1,1,3
3,26,69,1,5,8,29,3,13
3,26,70,0,1,4,3,3,5
3,26,71,1,1,3,2,2,4
3,26,72,0,6,7,31,1,13
3,26,73,0,3,4,16,1,7
3,26,74,1,4,9,26,5,13
3,26,75,1,7,9,35,2,16
3,26,76,0,1,4,3,3,5
3,26,77,1,2,7,13,5,9
3,26,78,0,8,9,36,1,17
3,26,79,0,1,2,1,1,3
3,26,80,0,3,5,17,2,8
3,26,81,1,1,3,2,2,4
3,26,82,0,5,6,27,1,11
3,26,83,1,4,8,25,4,12
3,26,84,1,5,7,28,2,12
3,26,85,0,6,8,32,2,14
3,26,86,0,4,5,22,1,9
3,26,87,1,2,5,11,3,7
3,26,88,0,3,8,20,5,11
3,26,89,1,5,8,29,3,13
3,26,90,0,2,4,10,2,6
3,26,91,0,3,6,18,3,9
3,26,92,1,1,8,7,7,9
3,26,93,0,6,7,31,1,13
3,26,94,0,6,9,33,3,15
3,26,95,0,3,7,19,4,10
3,26,96,1,5,9,30,4,14
3,26,97,1,1,7,6,6,8
3,26,98,1,1,6,5,5,7
3,26,99,1,2,8,14,6,10
3,26,100,1,2,9,15,7,11
3,26,101,1,7,8,34,1,15
3,26,102,1,2,6,12,4,8
3,26,103,1,1,9,8,8,10
3,26,104,1,4,6,23,2,10
3,26,105,0,1,5,4,4,6
3,26,106,1,2,3,9,1,5
3,26,107,1,3,9,21,6,12
3,26,108,1,4,7,24,3,11
3,26,109,1,2,4,10,2,6
3,26,110,1,1,9,8,8,10
3,26,111,1,2,6,12,4,8
3,26,112,1,2,3,9,1,5
3,26,113,1,7,8,34,1,15
3,26,114,0,1,2,1,1,3
3,26,115,1,3,9,21,6,12
3,26,116,1,1,6,5,5,7
3,26,117,1,3,6,18,3,9
3,26,118,1,3,5,17,2,8
3,26,119,1,1,7,6,6,8
3,26,120,1,4,6,23,2,10
3,26,121,0,4,5,22,1,9
3,26,122,0,6,9,33,3,15
3,26,123,0,5,7,28,2,12
3,26,124,1,2,5,11,3,7
3,26,125,0,6,8,32,2,14
3,26,126,1,3,7,19,4,10
3,26,127,1,5,9,30,4,14
3,26,128,1,4,9,26,5,13
3,26,129,1,8,9,36,1,17
3,26,130,1,3,8,20,5,11
3,26,131,0,3,4,16,1,7
3,26,132,1,2,8,14,6,10
3,26,133,1,5,6,27,1,11
3,26,134,0,1,5,4,4,6
3,26,135,0,6,7,31,1,13
3,26,136,1,1,3,2,2,4
3,26,137,1,7,9,35,2,16
3,26,138,1,2,7,13,5,9
3,26,139,1,2,9,15,7,11
3,26,140,1,4,7,24,3,11
3,26,141,1,5,8,29,3,13
3,26,142,1,1,4,3,3,5
3,26,143,1,4,8,25,4,12
3,26,144,1,1,8,7,7,9
3,27,1,0,4,6,23,2,10
3,27,2,0,4,8,25,4,12
3,27,3,1,5,6,27,1,11
3,27,4,0,1,3,2,2,4
3,27,5,1,5,8,29,3,13
3,27,6,1,2,8,14,6,10
3,27,7,0,1,7,6,6,8
3,27,8,1,5,9,30,4,14
3,27,9,0,1,6,5,5,7
3,27,10,0,3,8,20,5,11
3,27,11,1,2,7,13,5,9
3,27,12,0,1,5,4,4,6
3,27,13,0,3,4,16,1,7
3,27,14,1,7,9,35,2,16
3,27,15,1,4,9,26,5,13
3,27,16,1,5,7,28,2,12
3,27,17,1,2,9,15,7,11
3,27,18,0,1,2,1,1,3
3,27,19,0,4,5,22,1,9
3,27,20,0,3,6,18,3,9
3,27,21,0,3,7,19,4,10
3,27,22,1,3,9,21,6,12
3,27,23,0,8,9,36,1,17
3,27,24,0,3,5,17,2,8
3,27,25,1,7,8,34,1,15
3,27,26,0,1,9,8,8,10
3,27,27,1,2,5,11,3,7
3,27,28,1,2,4,10,2,6
3,27,29,0,6,9,33,3,15
3,27,30,0,6,7,31,1,13
3,27,31,1,2,3,9,1,5
3,27,32,0,1,4,3,3,5
3,27,33,0,4,7,24,3,11
3,27,34,0,1,8,7,7,9
3,27,35,1,2,6,12,4,8
3,27,36,1,6,8,32,2,14
3,27,37,1,2,6,12,4,8
3,27,38,1,2,9,15,7,11
3,27,39,1,4,9,26,5,13
3,27,40,1,7,9,35,2,16
3,27,41,1,3,4,16,1,7
3,27,42,1,1,8,7,7,9
3,27,43,1,5,9,30,4,14
3,27,44,0,1,4,3,3,5
3,27,45,0,1,6,5,5,7
3,27,46,1,5,6,27,1,11
3,27,47,0,1,3,2,2,4
3,27,48,1,2,4,10,2,6
3,27,49,0,8,9,36,1,17
3,27,50,1,3,6,18,3,9
3,27,51,1,2,3,9,1,5
3,27,52,1,5,8,29,3,13
3,27,53,1,5,7,28,2,12
3,27,54,0,1,5,4,4,6
3,27,55,1,3,9,21,6,12
3,27,56,1,7,8,34,1,15
3,27,57,1,1,9,8,8,10
3,27,58,0,1,7,6,6,8
3,27,59,1,2,7,13,5,9
3,27,60,1,4,6,23,2,10
3,27,61,1,3,8,20,5,11
3,27,62,1,6,9,33,3,15
3,27,63,1,6,8,32,2,14
3,27,64,1,2,8,14,6,10
3,27,65,1,3,5,17,2,8
3,27,66,1,6,7,31,1,13
3,27,67,1,4,5,22,1,9
3,27,68,1,2,5,11,3,7
3,27,69,0,4,7,24,3,11
3,27,70,0,1,2,1,1,3
3,27,71,1,3,7,19,4,10
3,27,72,1,4,8,25,4,12
3,27,73,1,2,6,12,4,8
3,27,74,1,3,5,17,2,8
3,27,75,1,1,9,8,8,10
3,27,76,1,4,5,22,1,9
3,27,77,1,6,8,32,2,14
3,27,78,1,1,8,7,7,9
3,27,79,1,2,7,13,5,9
3,27,80,0,1,4,3,3,5
3,27,81,1,6,9,33,3,15
3,27,82,1,4,9,26,5,13
3,27,83,1,3,6,18,3,9
3,27,84,1,5,7,28,2,12
3,27,85,1,3,7,19,4,10
3,27,86,1,2,9,15,7,11
3,27,87,1,3,4,16,1,7
3,27,88,1,5,9,30,4,14
3,27,89,1,4,8,25,4,12
3,27,90,1,2,8,14,6,10
3,27,91,1,3,9,21,6,12
3,27,92,1,2,3,9,1,5
3,27,93,0,1,3,2,2,4
3,27,94,1,1,7,6,6,8
3,27,95,1,6,7,31,1,13
3,27,96,1,7,9,35,2,16
3,27,97,1,4,7,24,3,11
3,27,98,0,1,2,1,1,3
3,27,99,1,7,8,34,1,15
3,27,100,1,2,4,10,2,6
3,27,101,1,5,8,29,3,13
3,27,102,0,4,6,23,2,10
3,27,103,1,8,9,36,1,17
3,27,104,1,2,5,11,3,7
3,27,105,0,1,6,5,5,7
3,27,106,1,3,8,20,5,11
3,27,107,0,1,5,4,4,6
3,27,108,0,5,6,27,1,11
3,27,109,1,2,5,11,3,7
3,27,110,1,5,7,28,2,12
3,27,111,1,2,4,10,2,6
3,27,112,0,4,6,23,2,10
3,27,113,0,1,8,7,7,9
3,27,114,1,4,7,24,3,11
3,27,115,1,3,6,18,3,9
3,27,116,1,3,9,21,6,12
3,27,117,1,4,5,22,1,9
3,27,118,1,8,9,36,1,17
3,27,119,1,4,9,26,5,13
3,27,120,1,2,9,15,7,11
3,27,121,0,5,6,27,1,11
3,27,122,1,6,9,33,3,15
3,27,123,1,3,7,19,4,10
3,27,124,1,2,7,13,5,9
3,27,125,1,3,8,20,5,11
3,27,126,0,2,3,9,1,5
3,27,127,1,5,8,29,3,13
3,27,128,1,2,8,14,6,10
3,27,129,1,1,9,8,8,10
3,27,130,1,4,8,25,4,12
3,27,131,1,1,5,4,4,6
3,27,132,0,1,3,2,2,4
3,27,133,0,1,4,3,3,5
3,27,134,1,3,4,16,1,7
3,27,135,1,5,9,30,4,14
3,27,136,1,1,6,5,5,7
3,27,137,1,6,7,31,1,13
3,27,138,1,6,8,32,2,14
3,27,139,0,3,5,17,2,8
3,27,140,1,7,8,34,1,15
3,27,141,0,1,2,1,1,3
3,27,142,1,1,7,6,6,8
3,27,143,1,7,9,35,2,16
3,27,144,1,2,6,12,4,8
3,28,1,1,6,9,33,3,15
3,28,2,1,2,7,13,5,9
3,28,3,0,2,3,9,1,5
3,28,4,0,1,5,4,4,6
3,28,5,1,2,9,15,7,11
3,28,6,1,1,8,7,7,9
3,28,7,1,2,8,14,6,10
3,28,8,1,8,9,36,1,17
3,28,9,0,1,4,3,3,5
3,28,10,0,5,6,27,1,11
3,28,11,1,5,7,28,2,12
3,28,12,1,4,9,26,5,13
3,28,13,1,5,8,29,3,13
3,28,14,1,6,7,31,1,13
3,28,15,1,3,4,16,1,7
3,28,16,1,2,6,12,4,8
3,28,17,1,7,9,35,2,16
3,28,18,1,4,7,24,3,11
3,28,19,0,1,3,2,2,4
3,28,20,0,4,6,23,2,10
3,28,21,1,3,9,21,6,12
3,28,22,1,3,8,20,5,11
3,28,23,1,4,8,25,4,12
3,28,24,0,3,6,18,3,9
3,28,25,1,3,5,17,2,8
3,28,26,1,6,8,32,2,14
3,28,27,1,5,9,30,4,14
3,28,28,1,4,5,22,1,9
3,28,29,1,2,5,11,3,7
3,28,30,0,1,6,5,5,7
3,28,31,1,1,9,8,8,10
3,28,32,0,1,2,1,1,3
3,28,33,1,2,4,10,2,6
3,28,34,1,1,7,6,6,8
3,28,35,0,7,8,34,1,15
3,28,36,1,3,7,19,4,10
3,28,37,1,2,4,10,2,6
3,28,38,1,4,5,22,1,9
3,28,39,0,1,4,3,3,5
3,28,40,1,4,8,25,4,12
3,28,41,1,3,4,16,1,7
3,28,42,1,1,7,6,6,8
3,28,43,1,2,9,15,7,11
3,28,44,1,5,8,29,3,13
3,28,45,0,1,2,1,1,3
3,28,46,0,1,6,5,5,7
3,28,47,1,3,7,19,4,10
3,28,48,0,8,9,36,1,17
3,28,49,1,5,6,27,1,11
3,28,50,1,1,9,8,8,10
3,28,51,1,6,9,33,3,15
3,28,52,0,1,3,2,2,4
3,28,53,1,7,9,35,2,16
3,28,54,1,4,9,26,5,13
3,28,55,1,1,8,7,7,9
3,28,56,1,2,8,14,6,10
3,28,57,1,4,6,23,2,10
3,28,58,1,3,6,18,3,9
3,28,59,0,7,8,34,1,15
3,28,60,1,2,6,12,4,8
3,28,61,1,2,5,11,3,7
3,28,62,1,2,3,9,1,5
3,28,63,1,2,7,13,5,9
3,28,64,1,5,9,30,4,14
3,28,65,1,3,9,21,6,12
3,28,66,1,4,7,24,3,11
3,28,67,1,6,7,31,1,13
3,28,68,1,5,7,28,2,12
3,28,69,1,3,8,20,5,11
3,28,70,1,6,8,32,2,14
3,28,71,0,3,5,17,2,8
3,28,72,0,1,5,4,4,6
3,28,73,1,5,7,28,2,12
3,28,74,1,4,9,26,5,13
3,28,75,0,1,6,5,5,7
3,28,76,1,2,6,12,4,8
3,28,77,0,3,6,18,3,9
3,28,78,1,8,9,36,1,17
3,28,79,1,1,7,6,6,8
3,28,80,1,6,7,31,1,13
3,28,81,1,1,8,7,7,9
3,28,82,1,2,8,14,6,10
3,28,83,1,2,7,13,5,9
3,28,84,1,7,9,35,2,16
3,28,85,0,1,4,3,3,5
3,28,86,1,6,8,32,2,14
3,28,87,1,2,3,9,1,5
3,28,88,0,3,4,16,1,7
3,28,89,1,5,9,30,4,14
3,28,90,1,2,4,10,2,6
3,28,91,1,3,8,20,5,11
3,28,92,1,4,5,22,1,9
3,28,93,0,5,6,27,1,11
3,28,94,1,7,8,34,1,15
3,28,95,1,3,5,17,2,8
3,28,96,1,6,9,33,3,15
3,28,97,1,2,5,11,3,7
3,28,98,0,1,2,1,1,3
3,28,99,1,1,9,8,8,10
3,28,100,1,4,7,24,3,11
3,28,101,1,4,6,23,2,10
3,28,102,1,2,9,15,7,11
3,28,103,1,3,7,19,4,10
3,28,104,1,1,5,4,4,6
3,28,105,1,4,8,25,4,12
3,28,106,0,1,3,2,2,4
3,28,107,1,5,8,29,3,13
3,28,108,1,3,9,21,6,12
3,28,109,1,7,9,35,2,16
3,28,110,0,1,4,3,3,5
3,28,111,1,2,3,9,1,5
3,28,112,1,3,7,19,4,10
3,28,113,1,5,9,30,4,14
3,28,114,1,1,6,5,5,7
3,28,115,0,3,5,17,2,8
3,28,116,1,1,9,8,8,10
3,28,117,1,5,8,29,3,13
3,28,118,0,1,2,1,1,3
3,28,119,1,3,9,21,6,12
3,28,120,1,5,7,28,2,12
3,28,121,1,6,7,31,1,13
3,28,122,1,2,6,12,4,8
3,28,123,1,1,3,2,2,4
3,28,124,1,1,5,4,4,6
3,28,125,0,5,6,27,1,11
3,28,126,1,3,6,18,3,9
3,28,127,1,1,7,6,6,8
3,28,128,1,4,9,26,5,13
3,28,129,1,3,8,20,5,11
3,28,130,1,4,7,24,3,11
3,28,131,1,4,6,23,2,10
3,28,132,1,2,5,11,3,7
3,28,133,1,1,8,7,7,9
3,28,134,1,6,8,32,2,14
3,28,135,1,8,9,36,1,17
3,28,136,1,2,7,13,5,9
3,28,137,1,4,8,25,4,12
3,28,138,1,6,9,33,3,15
3,28,139,1,4,5,22,1,9
3,28,140,0,2,4,10,2,6
3,28,141,1,2,9,15,7,11
3,28,142,0,3,4,16,1,7
3,28,143,1,2,8,14,6,10
3,28,144,0,7,8,34,1,15
3,29,1,1,3,8,20,5,11
3,29,2,0,2,4,10,2,6
3,29,3,1,6,7,31,1,13
3,29,4,1,5,8,29,3,13
3,29,5,0,4,7,24,3,11
3,29,6,0,1,6,5,5,7
3,29,7,0,2,3,9,1,5
3,29,8,1,6,8,32,2,14
3,29,9,1,1,2,1,1,3
3,29,10,1,5,7,28,2,12
3,29,11,0,4,8,25,4,12
3,29,12,1,3,9,21,6,12
3,29,13,0,4,6,23,2,10
3,29,14,0,4,5,22,1,9
3,29,15,1,3,5,17,2,8
3,29,16,0,1,5,4,4,6
3,29,17,0,7,9,35,2,16
3,29,18,0,1,9,8,8,10
3,29,19,0,3,6,18,3,9
3,29,20,1,6,9,33,3,15
3,29,21,0,2,7,13,5,9
3,29,22,1,1,8,7,7,9
3,29,23,1,1,4,3,3,5
3,29,24,1,4,9,26,5,13
3,29,25,1,1,3,2,2,4
3,29,26,1,1,7,6,6,8
3,29,27,0,2,5,11,3,7
3,29,28,0,7,8,34,1,15
3,29,29,1,5,9,30,4,14
3,29,30,0,8,9,36,1,17
3,29,31,0,5,6,27,1,11
3,29,32,0,3,4,16,1,7
3,29,33,1,2,6,12,4,8
3,29,34,1,2,8,14,6,10
3,29,35,1,2,9,15,7,11
3,29,36,1,3,7,19,4,10
3,29,37,1,1,8,7,7,9
3,29,38,1,7,8,34,1,15
3,29,39,1,3,4,16,1,7
3,29,40,0,6,7,31,1,13
3,29,41,1,1,2,1,1,3
3,29,42,1,4,9,26,5,13
3,29,43,1,3,5,17,2,8
3,29,44,1,2,8,14,6,10
3,29,45,1,4,5,22,1,9
3,29,46,1,5,9,30,4,14
3,29,47,0,8,9,36,1,17
3,29,48,1,6,9,33,3,15
3,29,49,1,2,7,13,5,9
3,29,50,1,1,4,3,3,5
3,29,51,1,1,7,6,6,8
3,29,52,1,2,9,15,7,11
3,29,53,0,5,7,28,2,12
3,29,54,1,3,8,20,5,11
3,29,55,1,3,9,21,6,12
3,29,56,1,2,4,10,2,6
3,29,57,1,5,8,29,3,13
3,29,58,1,6,8,32,2,14
3,29,59,1,3,7,19,4,10
3,29,60,1,2,6,12,4,8
3,29,61,1,4,7,24,3,11
3,29,62,1,2,3,9,1,5
3,29,63,1,1,3,2,2,4
3,29,64,1,1,5,4,4,6
3,29,65,1,7,9,35,2,16
3,29,66,1,5,6,27,1,11
3,29,67,1,1,6,5,5,7
3,29,68,1,3,6,18,3,9
3,29,69,1,4,6,23,2,10
3,29,70,1,4,8,25,4,12
3,29,71,1,1,9,8,8,10
3,29,72,1,2,5,11,3,7
3,29,73,1,2,9,15,7,11
3,29,74,1,6,9,33,3,15
3,29,75,1,3,7,19,4,10
3,29,76,1,7,9,35,2,16
3,29,77,1,6,7,31,1,13
3,29,78,1,3,5,17,2,8
3,29,79,1,1,2,1,1,3
3,29,80,1,5,6,27,1,11
3,29,81,1,3,6,18,3,9
3,29,82,1,2,4,10,2,6
3,29,83,1,5,7,28,2,12
3,29,84,1,1,6,5,5,7
3,29,85,1,7,8,34,1,15
3,29,86,1,4,6,23,2,10
3,29,87,1,4,7,24,3,11
3,29,88,1,1,3,2,2,4
3,29,89,1,5,8,29,3,13
3,29,90,1,2,7,13,5,9
3,29,91,0,3,4,16,1,7
3,29,92,1,1,9,8,8,10
3,29,93,1,6,8,32,2,14
3,29,94,1,1,7,6,6,8
3,29,95,1,1,8,7,7,9
3,29,96,1,2,5,11,3,7
3,29,97,1,8,9,36,1,17
3,29,98,1,5,9,30,4,14
3,29,99,1,1,4,3,3,5
3,29,100,1,2,6,12,4,8
3,29,101,1,4,5,22,1,9
3,29,102,1,4,9,26,5,13
3,29,103,1,3,9,21,6,12
3,29,104,1,3,8,20,5,11
3,29,105,1,2,8,14,6,10
3,29,106,1,1,5,4,4,6
3,29,107,1,4,8,25,4,12
3,29,108,0,2,3,9,1,5
3,29,109,1,2,6,12,4,8
3,29,110,1,3,9,21,6,12
3,29,111,0,5,8,29,3,13
3,29,112,1,3,8,20,5,11
3,29,113,1,3,5,17,2,8
3,29,114,1,2,9,15,7,11
3,29,115,1,2,7,13,5,9
3,29,116,1,1,3,2,2,4
3,29,117,1,1,9,8,8,10
3,29,118,1,3,6,18,3,9
3,29,119,1,4,6,23,2,10
3,29,120,1,8,9,36,1,17
3,29,121,1,4,7,24,3,11
3,29,122,1,6,9,33,3,15
3,29,123,1,1,8,7,7,9
3,29,124,1,4,8,25,4,12
3,29,125,1,1,5,4,4,6
3,29,126,1,2,3,9,1,5
3,29,127,1,5,6,27,1,11
3,29,128,1,4,5,22,1,9
3,29,129,1,7,8,34,1,15
3,29,130,1,1,7,6,6,8
3,29,131,0,3,4,16,1,7
3,29,132,0,2,4,10,2,6
3,29,133,1,2,5,11,3,7
3,29,134,1,1,2,1,1,3
3,29,135,0,6,7,31,1,13
3,29,136,1,6,8,32,2,14
3,29,137,0,5,7,28,2,12
3,29,138,1,1,6,5,5,7
3,29,139,1,2,8,14,6,10
3,29,140,1,1,4,3,3,5
3,29,141,1,4,9,26,5,13
3,29,142,1,5,9,30,4,14
3,29,143,1,3,7,19,4,10
3,29,144,1,7,9,35,2,16
3,30,1,1,3,9,21,6,12
3,30,2,0,1,4,3,3,5
3,30,3,0,2,3,9,1,5
3,30,4,1,3,7,19,4,10
3,30,5,1,2,9,15,7,11
3,30,6,0,1,2,1,1,3
3,30,7,1,2,5,11,3,7
3,30,8,0,7,8,34,1,15
3,30,9,0,6,7,31,1,13
3,30,10,1,4,7,24,3,11
3,30,11,0,1,8,7,7,9
3,30,12,1,6,8,32,2,14
3,30,13,0,1,3,2,2,4
3,30,14,1,3,8,20,5,11
3,30,15,0,1,7,6,6,8
3,30,16,1,4,9,26,5,13
3,30,17,1,1,9,8,8,10
3,30,18,0,3,6,18,3,9
3,30,19,1,2,7,13,5,9
3,30,20,1,2,8,14,6,10
3,30,21,1,4,8,25,4,12
3,30,22,1,4,6,23,2,10
3,30,23,1,1,5,4,4,6
3,30,24,0,5,9,30,4,14
3,30,25,0,1,6,5,5,7
3,30,26,0,5,6,27,1,11
3,30,27,1,4,5,22,1,9
3,30,28,0,3,4,16,1,7
3,30,29,1,2,4,10,2,6
3,30,30,0,8,9,36,1,17
3,30,31,1,6,9,33,3,15
3,30,32,1,2,6,12,4,8
3,30,33,1,3,5,17,2,8
3,30,34,1,5,7,28,2,12
3,30,35,1,5,8,29,3,13
3,30,36,0,7,9,35,2,16
3,30,37,1,2,7,13,5,9
3,30,38,1,5,8,29,3,13
3,30,39,1,2,4,10,2,6
3,30,40,1,4,7,24,3,11
3,30,41,1,5,6,27,1,11
3,30,42,1,2,3,9,1,5
3,30,43,0,1,4,3,3,5
3,30,44,0,7,8,34,1,15
3,30,45,1,4,9,26,5,13
3,30,46,0,3,4,16,1,7
3,30,47,1,6,8,32,2,14
3,30,48,1,2,9,15,7,11
3,30,49,1,7,9,35,2,16
3,30,50,1,5,7,28,2,12
3,30,51,1,5,9,30,4,14
3,30,52,1,6,7,31,1,13
3,30,53,1,3,6,18,3,9
3,30,54,1,4,8,25,4,12
3,30,55,0,3,5,17,2,8
3,30,56,0,1,5,4,4,6
3,30,57,1,8,9,36,1,17
3,30,58,1,2,6,12,4,8
3,30,59,1,3,9,21,6,12
3,30,60,0,1,3,2,2,4
3,30,61,1,1,7,6,6,8
3,30,62,1,6,9,33,3,15
3,30,63,1,1,9,8,8,10
3,30,64,1,3,7,19,4,10
3,30,65,1,1,8,7,7,9
3,30,66,1,2,5,11,3,7
3,30,67,1,3,8,20,5,11
3,30,68,0,1,2,1,1,3
3,30,69,1,1,6,5,5,7
3,30,70,1,2,8,14,6,10
3,30,71,0,4,5,22,1,9
3,30,72,1,4,6,23,2,10
3,30,73,1,4,9,26,5,13
3,30,74,1,1,6,5,5,7
3,30,75,0,1,4,3,3,5
3,30,76,1,1,9,8,8,10
3,30,77,1,5,8,29,3,13
3,30,78,1,2,4,10,2,6
3,30,79,1,4,7,24,3,11
3,30,80,1,2,8,14,6,10
3,30,81,1,6,9,33,3,15
3,30,82,1,1,5,4,4,6
3,30,83,0,5,6,27,1,11
3,30,84,1,5,7,28,2,12
3,30,85,0,3,5,17,2,8
3,30,86,0,7,8,34,1,15
3,30,87,1,1,7,6,6,8
3,30,88,1,4,6,23,2,10
3,30,89,1,3,9,21,6,12
3,30,90,1,6,7,31,1,13
3,30,91,1,4,5,22,1,9
3,30,92,0,3,4,16,1,7
3,30,93,1,8,9,36,1,17
3,30,94,1,4,8,25,4,12
3,30,95,0,1,3,2,2,4
3,30,96,1,7,9,35,2,16
3,30,97,1,2,9,15,7,11
3,30,98,1,2,5,11,3,7
3,30,99,1,1,8,7,7,9
3,30,100,1,2,3,9,1,5
3,30,101,1,5,9,30,4,14
3,30,102,1,3,6,18,3,9
3,30,103,0,6,8,32,2,14
3,30,104,1,3,8,20,5,11
3,30,105,1,2,6,12,4,8
3,30,106,1,3,7,19,4,10
3,30,107,1,2,7,13,5,9
3,30,108,0,1,2,1,1,3
3,30,109,1,2,6,12,4,8
3,30,110,1,4,7,24,3,11
3,30,111,1,5,9,30,4,14
3,30,112,1,7,9,35,2,16
3,30,113,1,1,4,3,3,5
3,30,114,1,1,3,2,2,4
3,30,115,1,6,9,33,3,15
3,30,116,0,3,4,16,1,7
3,30,117,1,5,6,27,1,11
3,30,118,1,2,4,10,2,6
3,30,119,1,1,6,5,5,7
3,30,120,1,3,6,18,3,9
3,30,121,1,7,8,34,1,15
3,30,122,1,6,7,31,1,13
3,30,123,1,3,7,19,4,10
3,30,124,1,1,7,6,6,8
3,30,125,1,4,5,22,1,9
3,30,126,0,1,2,1,1,3
3,30,127,1,2,8,14,6,10
3,30,128,1,4,9,26,5,13
3,30,129,0,8,9,36,1,17
3,30,130,1,3,8,20,5,11
3,30,131,1,2,7,13,5,9
3,30,132,1,4,8,25,4,12
3,30,133,1,5,7,28,2,12
3,30,134,1,1,9,8,8,10
3,30,135,1,2,5,11,3,7
3,30,136,1,1,8,7,7,9
3,30,137,1,6,8,32,2,14
3,30,138,0,3,5,17,2,8
3,30,139,1,1,5,4,4,6
3,30,140,1,2,9,15,7,11
3,30,141,1,3,9,21,6,12
3,30,142,0,4,6,23,2,10
3,30,143,1,2,3,9,1,5
3,30,144,1,5,8,29,3,13
3,31,1,1,3,5,17,2,8
3,31,2,0,1,9,8,8,10
3,31,3,1,3,8,20,5,11
3,31,4,0,2,7,13,5,9
3,31,5,1,3,6,18,3,9
3,31,6,1,4,9,26,5,13
3,31,7,0,5,8,29,3,13
3,31,8,0,2,8,14,6,10
3,31,9,1,3,7,19,4,10
3,31,10,0,7,8,34,1,15
3,31,11,0,2,9,15,7,11
3,31,12,1,5,7,28,2,12
3,31,13,1,3,9,21,6,12
3,31,14,0,2,5,11,3,7
3,31,15,1,7,9,35,2,16
3,31,16,1,3,4,16,1,7
3,31,17,0,2,3,9,1,5
3,31,18,0,6,7,31,1,13
3,31,19,1,6,8,32,2,14
3,31,20,0,1,3,2,2,4
3,31,21,0,8,9,36,1,17
3,31,22,0,1,4,3,3,5
3,31,23,0,2,6,12,4,8
3,31,24,1,6,9,33,3,15
3,31,25,1,4,8,25,4,12
3,31,26,1,1,2,1,1,3
3,31,27,1,4,7,24,3,11
3,31,28,0,5,6,27,1,11
3,31,29,1,5,9,30,4,14
3,31,30,0,1,5,4,4,6
3,31,31,0,2,4,10,2,6
3,31,32,0,4,5,22,1,9
3,31,33,0,1,7,6,6,8
3,31,34,0,4,6,23,2,10
3,31,35,1,1,8,7,7,9
3,31,36,1,1,6,5,5,7
3,31,37,1,1,8,7,7,9
3,31,38,0,5,7,28,2,12
3,31,39,1,3,9,21,6,12
3,31,40,1,7,9,35,2,16
3,31,41,0,2,7,13,5,9
3,31,42,1,1,7,6,6,8
3,31,43,1,4,8,25,4,12
3,31,44,1,6,7,31,1,13
3,31,45,1,3,5,17,2,8
3,31,46,0,2,3,9,1,5
3,31,47,0,1,6,5,5,7
3,31,48,0,8,9,36,1,17
3,31,49,1,5,8,29,3,13
3,31,50,1,1,9,8,8,10
3,31,51,0,2,9,15,7,11
3,31,52,1,1,2,1,1,3
3,31,53,1,5,6,27,1,11
3,31,54,1,6,9,33,3,15
3,31,55,1,2,8,14,6,10
3,31,56,0,2,6,12,4,8
3,31,57,0,2,5,11,3,7
3,31,58,1,3,6,18,3,9
3,31,59,1,6,8,32,2,14
3,31,60,1,3,7,19,4,10
3,31,61,1,4,5,22,1,9
3,31,62,1,5,9,30,4,14
3,31,63,1,4,6,23,2,10
3,31,64,1,4,9,26,5,13
3,31,65,0,1,3,2,2,4
3,31,66,0,2,4,10,2,6
3,31,67,1,7,8,34,1,15
3,31,68,0,1,4,3,3,5
3,31,69,1,1,5,4,4,6
3,31,70,0,4,7,24,3,11
3,31,71,1,3,4,16,1,7
3,31,72,1,3,8,20,5,11
3,31,73,1,3,9,21,6,12
3,31,74,0,2,5,11,3,7
3,31,75,1,6,8,32,2,14
3,31,76,1,3,4,16,1,7
3,31,77,1,4,7,24,3,11
3,31,78,0,1,5,4,4,6
3,31,79,0,2,3,9,1,5
3,31,80,1,5,9,30,4,14
3,31,81,1,4,9,26,5,13
3,31,82,0,5,6,27,1,11
3,31,83,0,2,6,12,4,8
3,31,84,1,4,8,25,4,12
3,31,85,1,1,7,6,6,8
3,31,86,0,1,3,2,2,4
3,31,87,1,3,7,19,4,10
3,31,88,1,2,9,15,7,11
3,31,89,0,7,9,35,2,16
3,31,90,1,6,7,31,1,13
3,31,91,1,1,2,1,1,3
3,31,92,1,6,9,33,3,15
3,31,93,1,4,5,22,1,9
3,31,94,0,2,4,10,2,6
3,31,95,1,1,4,3,3,5
3,31,96,1,1,9,8,8,10
3,31,97,1,1,8,7,7,9
3,31,98,1,3,8,20,5,11
3,31,99,1,3,5,17,2,8
3,31,100,1,4,6,23,2,10
3,31,101,0,7,8,34,1,15
3,31,102,1,8,9,36,1,17
3,31,103,1,5,8,29,3,13
3,31,104,1,2,8,14,6,10
3,31,105,1,5,7,28,2,12
3,31,106,1,2,7,13,5,9
3,31,107,1,1,6,5,5,7
3,31,108,1,3,6,18,3,9
3,31,109,0,2,4,10,2,6
3,31,110,1,1,5,4,4,6
3,31,111,1,1,6,5,5,7
3,31,112,1,6,8,32,2,14
3,31,113,1,3,6,18,3,9
3,31,114,1,4,9,26,5,13
3,31,115,1,3,8,20,5,11
3,31,116,1,7,9,35,2,16
3,31,117,1,4,8,25,4,12
3,31,118,1,2,9,15,7,11
3,31,119,1,4,7,24,3,11
3,31,120,1,3,4,16,1,7
3,31,121,1,5,6,27,1,11
3,31,122,1,6,7,31,1,13
3,31,123,0,1,3,2,2,4
3,31,124,0,2,3,9,1,5
3,31,125,1,6,9,33,3,15
3,31,126,1,1,9,8,8,10
3,31,127,1,1,2,1,1,3
3,31,128,1,3,7,19,4,10
3,31,129,1,1,4,3,3,5
3,31,130,0,2,6,12,4,8
3,31,131,1,8,9,36,1,17
3,31,132,0,2,5,11,3,7
3,31,133,1,1,7,6,6,8
3,31,134,1,5,7,28,2,12
3,31,135,1,5,8,29,3,13
3,31,136,0,2,8,14,6,10
3,31,137,1,7,8,34,1,15
3,31,138,1,3,5,17,2,8
3,31,139,0,4,6,23,2,10
3,31,140,1,4,5,22,1,9
3,31,141,1,3,9,21,6,12
3,31,142,1,2,7,13,5,9
3,31,143,1,5,9,30,4,14
3,31,144,1,1,8,7,7,9
3,32,1,0,3,4,16,1,7
3,32,2,1,6,8,32,2,14
3,32,3,0,1,7,6,6,8
3,32,4,1,2,6,12,4,8
3,32,5,0,3,8,20,5,11
3,32,6,0,5,9,30,4,14
3,32,7,0,6,9,33,3,15
3,32,8,1,4,5,22,1,9
3,32,9,0,1,8,7,7,9
3,32,10,0,1,6,5,5,7
3,32,11,1,1,9,8,8,10
3,32,12,1,4,8,25,4,12
3,32,13,0,2,4,10,2,6
3,32,14,1,2,3,9,1,5
3,32,15,1,1,5,4,4,6
3,32,16,1,3,9,21,6,12
3,32,17,1,5,7,28,2,12
3,32,18,1,4,9,26,5,13
3,32,19,1,5,6,27,1,11
3,32,20,0,7,9,35,2,16
3,32,21,1,3,6,18,3,9
3,32,22,0,1,4,3,3,5
3,32,23,1,2,5,11,3,7
3,32,24,1,4,6,23,2,10
3,32,25,1,5,8,29,3,13
3,32,26,1,4,7,24,3,11
3,32,27,1,3,7,19,4,10
3,32,28,0,1,2,1,1,3
3,32,29,1,2,8,14,6,10
3,32,30,0,1,3,2,2,4
3,32,31,1,3,5,17,2,8
3,32,32,1,2,7,13,5,9
3,32,33,0,7,8,34,1,15
3,32,34,0,6,7,31,1,13
3,32,35,0,8,9,36,1,17
3,32,36,1,2,9,15,7,11
3,32,37,1,3,5,17,2,8
3,32,38,1,1,9,8,8,10
3,32,39,1,3,6,18,3,9
3,32,40,1,2,7,13,5,9
3,32,41,1,3,9,21,6,12
3,32,42,1,5,9,30,4,14
3,32,43,1,4,7,24,3,11
3,32,44,1,7,8,34,1,15
3,32,45,0,1,4,3,3,5
3,32,46,1,7,9,35,2,16
3,32,47,1,4,5,22,1,9
3,32,48,1,5,7,28,2,12
3,32,49,1,3,8,20,5,11
3,32,50,1,2,9,15,7,11
3,32,51,0,1,5,4,4,6
3,32,52,1,2,4,10,2,6
3,32,53,1,3,7,19,4,10
3,32,54,1,1,6,5,5,7
3,32,55,1,4,8,25,4,12
3,32,56,0,6,9,33,3,15
3,32,57,1,5,6,27,1,11
3,32,58,1,3,4,16,1,7
3,32,59,0,6,8,32,2,14
3,32,60,1,5,8,29,3,13
3,32,61,0,8,9,36,1,17
3,32,62,1,4,6,23,2,10
3,32,63,1,1,7,6,6,8
3,32,64,0,1,3,2,2,4
3,32,65,1,1,8,7,7,9
3,32,66,1,4,9,26,5,13
3,32,67,1,2,3,9,1,5
3,32,68,1,2,8,14,6,10
3,32,69,1,2,6,12,4,8
3,32,70,1,2,5,11,3,7
3,32,71,0,1,2,1,1,3
3,32,72,0,6,7,31,1,13
3,32,73,1,2,6,12,4,8
3,32,74,1,4,8,25,4,12
3,32,75,1,1,8,7,7,9
3,32,76,1,3,8,20,5,11
3,32,77,1,3,4,16,1,7
3,32,78,0,1,4,3,3,5
3,32,79,0,2,4,10,2,6
3,32,80,0,6,7,31,1,13
3,32,81,1,2,7,13,5,9
3,32,82,1,3,7,19,4,10
3,32,83,1,5,9,30,4,14
3,32,84,1,1,7,6,6,8
3,32,85,1,1,6,5,5,7
3,32,86,1,6,8,32,2,14
3,32,87,1,4,7,24,3,11
3,32,88,0,4,5,22,1,9
3,32,89,0,8,9,36,1,17
3,32,90,1,2,9,15,7,11
3,32,91,0,1,2,1,1,3
3,32,92,1,5,7,28,2,12
3,32,93,1,4,9,26,5,13
3,32,94,0,2,5,11,3,7
3,32,95,1,3,9,21,6,12
3,32,96,1,5,8,29,3,13
3,32,97,1,2,8,14,6,10
3,32,98,0,2,3,9,1,5
3,32,99,0,6,9,33,3,15
3,32,100,1,5,6,27,1,11
3,32,101,1,7,8,34,1,15
3,32,102,1,3,5,17,2,8
3,32,103,1,1,9,8,8,10
3,32,104,1,1,5,4,4,6
3,32,105,1,3,6,18,3,9
3,32,106,1,4,6,23,2,10
3,32,107,1,1,3,2,2,4
3,32,108,1,7,9,35,2,16
3,32,109,1,1,7,6,6,8
3,32,110,0,3,5,17,2,8
3,32,111,1,1,9,8,8,10
3,32,112,1,4,9,26,5,13
3,32,113,1,5,9,30,4,14
3,32,114,1,4,6,23,2,10
3,32,115,1,5,7,28,2,12
3,32,116,1,1,5,4,4,6
3,32,117,1,2,9,15,7,11
3,32,118,1,3,8,20,5,11
3,32,119,1,2,8,14,6,10
3,32,120,1,4,8,25,4,12
3,32,121,1,1,6,5,5,7
3,32,122,1,8,9,36,1,17
3,32,123,0,7,8,34,1,15
3,32,124,1,4,7,24,3,11
3,32,125,1,3,7,19,4,10
3,32,126,1,2,7,13,5,9
3,32,127,1,3,6,18,3,9
3,32,128,0,7,9,35,2,16
3,32,129,1,2,6,12,4,8
3,32,130,1,2,5,11,3,7
3,32,131,0,6,9,33,3,15
3,32,132,1,5,8,29,3,13
3,32,133,1,1,8,7,7,9
3,32,134,0,1,4,3,3,5
3,32,135,1,1,3,2,2,4
3,32,136,0,6,7,31,1,13
3,32,137,0,1,2,1,1,3
3,32,138,1,3,9,21,6,12
3,32,139,0,2,4,10,2,6
3,32,140,1,3,4,16,1,7
3,32,141,0,2,3,9,1,5
3,32,142,1,5,6,27,1,11
3,32,143,0,4,5,22,1,9
3,32,144,1,6,8,32,2,14
3,33,1,0,1,4,3,3,5
3,33,2,0,3,6,18,3,9
3,33,3,0,3,9,21,6,12
3,33,4,0,5,8,29,3,13
3,33,5,1,1,7,6,6,8
3,33,6,1,4,5,22,1,9
3,33,7,1,6,9,33,3,15
3,33,8,1,2,8,14,6,10
3,33,9,0,6,7,31,1,13
3,33,10,0,3,5,17,2,8
3,33,11,1,2,7,13,5,9
3,33,12,1,2,9,15,7,11
3,33,13,0,7,8,34,1,15
3,33,14,1,2,6,12,4,8
3,33,15,1,6,8,32,2,14
3,33,16,0,3,4,16,1,7
3,33,17,0,5,7,28,2,12
3,33,18,1,1,8,7,7,9
3,33,19,1,4,7,24,3,11
3,33,20,1,1,2,1,1,3
3,33,21,1,2,3,9,1,5
3,33,22,1,4,6,23,2,10
3,33,23,1,4,8,25,4,12
3,33,24,1,8,9,36,1,17
3,33,25,0,7,9,35,2,16
3,33,26,0,2,4,10,2,6
3,33,27,1,1,3,2,2,4
3,33,28,0,5,9,30,4,14
3,33,29,1,2,5,11,3,7
3,33,30,1,1,9,8,8,10
3,33,31,0,3,8,20,5,11
3,33,32,1,1,6,5,5,7
3,33,33,0,5,6,27,1,11
3,33,34,1,4,9,26,5,13
3,33,35,1,3,7,19,4,10
3,33,36,1,1,5,4,4,6
3,33,37,1,6,8,32,2,14
3,33,38,1,5,9,30,4,14
3,33,39,1,4,7,24,3,11
3,33,40,1,2,5,11,3,7
3,33,41,1,1,9,8,8,10
3,33,42,1,2,8,14,6,10
3,33,43,1,3,7,19,4,10
3,33,44,1,4,6,23,2,10
3,33,45,1,7,9,35,2,16
3,33,46,1,1,3,2,2,4
3,33,47,1,1,7,6,6,8
3,33,48,1,1,5,4,4,6
3,33,49,1,5,7,28,2,12
3,33,50,1,2,3,9,1,5
3,33,51,1,3,9,21,6,12
3,33,52,1,4,8,25,4,12
3,33,53,1,2,7,13,5,9
3,33,54,1,7,8,34,1,15
3,33,55,1,8,9,36,1,17
3,33,56,1,1,6,5,5,7
3,33,57,1,1,8,7,7,9
3,33,58,1,4,5,22,1,9
3,33,59,0,3,5,17,2,8
3,33,60,0,3,4,16,1,7
3,33,61,1,1,4,3,3,5
3,33,62,1,6,7,31,1,13
3,33,63,0,5,6,27,1,11
3,33,64,1,1,2,1,1,3
3,33,65,1,2,6,12,4,8
3,33,66,0,5,8,29,3,13
3,33,67,1,2,9,15,7,11
3,33,68,1,6,9,33,3,15
3,33,69,1,3,8,20,5,11
3,33,70,1,2,4,10,2,6
3,33,71,0,3,6,18,3,9
3,33,72,1,4,9,26,5,13
3,33,73,1,1,8,7,7,9
3,33,74,1,1,3,2,2,4
3,33,75,0,5,6,27,1,11
3,33,76,1,5,8,29,3,13
3,33,77,1,1,9,8,8,10
3,33,78,0,1,2,1,1,3
3,33,79,1,4,9,26,5,13
3,33,80,1,2,8,14,6,10
3,33,81,1,6,9,33,3,15
3,33,82,1,4,5,22,1,9
3,33,83,1,4,6,23,2,10
3,33,84,1,4,7,24,3,11
3,33,85,1,1,4,3,3,5
3,33,86,1,3,5,17,2,8
3,33,87,1,2,5,11,3,7
3,33,88,1,5,9,30,4,14
3,33,89,1,6,8,32,2,14
3,33,90,1,3,6,18,3,9
3,33,91,1,3,8,20,5,11
3,33,92,1,2,7,13,5,9
3,33,93,1,1,5,4,4,6
3,33,94,1,7,9,35,2,16
3,33,95,1,2,9,15,7,11
3,33,96,1,3,9,21,6,12
3,33,97,1,5,7,28,2,12
3,33,98,0,6,7,31,1,13
3,33,99,1,3,7,19,4,10
3,33,100,1,7,8,34,1,15
3,33,101,1,2,6,12,4,8
3,33,102,1,1,6,5,5,7
3,33,103,1,2,4,10,2,6
3,33,104,1,4,8,25,4,12
3,33,105,1,8,9,36,1,17
3,33,106,0,3,4,16,1,7
3,33,107,1,1,7,6,6,8
3,33,108,1,2,3,9,1,5
3,33,109,1,2,3,9,1,5
3,33,110,1,3,8,20,5,11
3,33,111,1,1,5,4,4,6
3,33,112,1,4,6,23,2,10
3,33,113,1,2,8,14,6,10
3,33,114,1,3,5,17,2,8
3,33,115,1,4,5,22,1,9
3,33,116,1,6,7,31,1,13
3,33,117,1,2,9,15,7,11
3,33,118,0,5,6,27,1,11
3,33,119,0,1,2,1,1,3
3,33,120,1,5,9,30,4,14
3,33,121,0,3,4,16,1,7
3,33,122,1,1,9,8,8,10
3,33,123,1,5,7,28,2,12
3,33,124,1,6,8,32,2,14
3,33,125,1,7,9,35,2,16
3,33,126,1,1,6,5,5,7
3,33,127,1,1,3,2,2,4
3,33,128,1,1,4,3,3,5
3,33,129,1,3,7,19,4,10
3,33,130,0,2,4,10,2,6
3,33,131,1,4,9,26,5,13
3,33,132,1,2,5,11,3,7
3,33,133,1,2,6,12,4,8
3,33,134,1,8,9,36,1,17
3,33,135,1,3,6,18,3,9
3,33,136,1,3,9,21,6,12
3,33,137,1,4,7,24,3,11
3,33,138,0,7,8,34,1,15
3,33,139,1,6,9,33,3,15
3,33,140,1,1,8,7,7,9
3,33,141,0,5,8,29,3,13
3,33,142,1,2,7,13,5,9
3,33,143,1,1,7,6,6,8
3,33,144,1,4,8,25,4,12
3,34,1,1,4,9,26,5,13
3,34,2,0,1,2,1,1,3
3,34,3,0,2,9,15,7,11
3,34,4,0,1,4,3,3,5
3,34,5,0,2,8,14,6,10
3,34,6,0,2,5,11,3,7
3,34,7,1,7,8,34,1,15
3,34,8,1,3,9,21,6,12
3,34,9,1,4,6,23,2,10
3,34,10,1,2,6,12,4,8
3,34,11,1,3,5,17,2,8
3,34,12,0,1,7,6,6,8
3,34,13,1,3,6,18,3,9
3,34,14,0,2,3,9,1,5
3,34,15,0,1,5,4,4,6
3,34,16,1,4,5,22,1,9
3,34,17,0,6,8,32,2,14
3,34,18,0,2,4,10,2,6
3,34,19,1,1,8,7,7,9
3,34,20,0,3,4,16,1,7
3,34,21,0,8,9,36,1,17
3,34,22,0,3,7,19,4,10
3,34,23,1,1,6,5,5,7
3,34,24,1,5,7,28,2,12
3,34,25,1,3,8,20,5,11
3,34,26,1,5,8,29,3,13
3,34,27,1,5,6,27,1,11
3,34,28,1,4,7,24,3,11
3,34,29,1,1,3,2,2,4
3,34,30,0,7,9,35,2,16
3,34,31,1,2,7,13,5,9
3,34,32,1,4,8,25,4,12
3,34,33,1,5,9,30,4,14
3,34,34,1,1,9,8,8,10
3,34,35,0,6,7,31,1,13
3,34,36,0,6,9,33,3,15
3,34,37,0,2,4,10,2,6
3,34,38,0,2,3,9,1,5
3,34,39,1,4,6,23,2,10
3,34,40,1,2,6,12,4,8
3,34,41,1,4,9,26,5,13
3,34,42,0,3,4,16,1,7
3,34,43,0,2,5,11,3,7
3,34,44,1,4,8,25,4,12
3,34,45,1,3,7,19,4,10
3,34,46,1,5,6,27,1,11
3,34,47,1,5,7,28,2,12
3,34,48,0,6,8,32,2,14
3,34,49,1,2,9,15,7,11
3,34,50,0,1,2,1,1,3
3,34,51,1,2,8,14,6,10
3,34,52,0,3,5,17,2,8
3,34,53,0,1,5,4,4,6
3,34,54,1,1,6,5,5,7
3,34,55,1,5,8,29,3,13
3,34,56,1,3,9,21,6,12
3,34,57,1,1,3,2,2,4
3,34,58,1,8,9,36,1,17
3,34,59,1,6,7,31,1,13
3,34,60,1,1,7,6,6,8
3,34,61,1,5,9,30,4,14
3,34,62,1,6,9,33,3,15
3,34,63,1,1,8,7,7,9
3,34,64,1,1,9,8,8,10
3,34,65,0,7,8,34,1,15
3,34,66,0,1,4,3,3,5
3,34,67,1,4,5,22,1,9
3,34,68,1,3,6,18,3,9
3,34,69,0,7,9,35,2,16
3,34,70,1,3,8,20,5,11
3,34,71,1,2,7,13,5,9
3,34,72,1,4,7,24,3,11
3,34,73,1,5,6,27,1,11
3,34,74,0,3,4,16,1,7
3,34,75,0,7,8,34,1,15
3,34,76,1,2,7,13,5,9
3,34,77,1,4,8,25,4,12
3,34,78,1,2,8,14,6,10
3,34,79,0,2,3,9,1,5
3,34,80,1,3,6,18,3,9
3,34,81,1,6,7,31,1,13
3,34,82,0,6,8,32,2,14
3,34,83,1,1,2,1,1,3
3,34,84,1,1,6,5,5,7
3,34,85,1,2,9,15,7,11
3,34,86,1,1,9,8,8,10
3,34,87,0,8,9,36,1,17
3,34,88,0,1,4,3,3,5
3,34,89,1,2,6,12,4,8
3,34,90,1,1,5,4,4,6
3,34,91,1,7,9,35,2,16
3,34,92,1,1,7,6,6,8
3,34,93,1,4,5,22,1,9
3,34,94,1,4,9,26,5,13
3,34,95,1,1,8,7,7,9
3,34,96,1,5,7,28,2,12
3,34,97,1,1,3,2,2,4
3,34,98,1,3,8,20,5,11
3,34,99,0,2,5,11,3,7
3,34,100,1,4,7,24,3,11
3,34,101,1,5,9,30,4,14
3,34,102,1,3,9,21,6,12
3,34,103,1,4,6,23,2,10
3,34,104,1,3,7,19,4,10
3,34,105,0,2,4,10,2,6
3,34,106,1,5,8,29,3,13
3,34,107,1,6,9,33,3,15
3,34,108,0,3,5,17,2,8
3,34,109,1,2,5,11,3,7
3,34,110,1,2,6,12,4,8
3,34,111,1,4,9,26,5,13
3,34,112,1,4,7,24,3,11
3,34,113,1,2,8,14,6,10
3,34,114,1,4,8,25,4,12
3,34,115,0,3,4,16,1,7
3,34,116,1,6,9,33,3,15
3,34,117,1,1,5,4,4,6
3,34,118,1,2,7,13,5,9
3,34,119,0,1,4,3,3,5
3,34,120,1,1,9,8,8,10
3,34,121,1,5,9,30,4,14
3,34,122,1,1,7,6,6,8
3,34,123,1,6,8,32,2,14
3,34,124,1,2,9,15,7,11
3,34,125,1,5,6,27,1,11
3,34,126,1,3,7,19,4,10
3,34,127,0,2,4,10,2,6
3,34,128,1,1,8,7,7,9
3,34,129,1,1,2,1,1,3
3,34,130,1,6,7,31,1,13
3,34,131,1,5,8,29,3,13
3,34,132,1,7,9,35,2,16
3,34,133,1,7,8,34,1,15
3,34,134,1,1,3,2,2,4
3,34,135,1,3,8,20,5,11
3,34,136,1,8,9,36,1,17
3,34,137,1,5,7,28,2,12
3,34,138,1,4,5,22,1,9
3,34,139,1,4,6,23,2,10
3,34,140,0,3,5,17,2,8
3,34,141,1,2,3,9,1,5
3,34,142,1,3,9,21,6,12
3,34,143,1,1,6,5,5,7
3,34,144,1,3,6,18,3,9
3,35,1,1,2,7,13,5,9
3,35,2,0,4,6,23,2,10
3,35,3,1,2,8,14,6,10
3,35,4,0,7,9,35,2,16
3,35,5,1,2,6,12,4,8
3,35,6,0,1,7,6,6,8
3,35,7,1,1,6,5,5,7
3,35,8,1,6,9,33,3,15
3,35,9,1,6,8,32,2,14
3,35,10,1,1,9,8,8,10
3,35,11,1,4,8,25,4,12
3,35,12,1,2,3,9,1,5
3,35,13,1,3,9,21,6,12
3,35,14,1,2,4,10,2,6
3,35,15,1,5,9,30,4,14
3,35,16,1,5,8,29,3,13
3,35,17,0,7,8,34,1,15
3,35,18,1,3,4,16,1,7
3,35,19,0,4,5,22,1,9
3,35,20,1,5,7,28,2,12
3,35,21,0,3,5,17,2,8
3,35,22,1,1,2,1,1,3
3,35,23,1,1,4,3,3,5
3,35,24,1,3,7,19,4,10
3,35,25,0,1,3,2,2,4
3,35,26,1,6,7,31,1,13
3,35,27,1,5,6,27,1,11
3,35,28,0,2,5,11,3,7
3,35,29,1,2,9,15,7,11
3,35,30,1,1,8,7,7,9
3,35,31,0,3,6,18,3,9
3,35,32,1,4,9,26,5,13
3,35,33,1,4,7,24,3,11
3,35,34,1,3,8,20,5,11
3,35,35,0,8,9,36,1,17
3,35,36,1,1,5,4,4,6
3,35,37,0,4,6,23,2,10
3,35,38,1,1,7,6,6,8
3,35,39,1,4,8,25,4,12
3,35,40,1,2,4,10,2,6
3,35,41,1,1,9,8,8,10
3,35,42,1,2,7,13,5,9
3,35,43,1,1,4,3,3,5
3,35,44,1,3,4,16,1,7
3,35,45,1,4,9,26,5,13
3,35,46,1,3,8,20,5,11
3,35,47,1,1,6,5,5,7
3,35,48,1,5,9,30,4,14
3,35,49,1,1,3,2,2,4
3,35,50,1,5,8,29,3,13
3,35,51,0,1,5,4,4,6
3,35,52,0,2,3,9,1,5
3,35,53,1,7,8,34,1,15
3,35,54,1,3,9,21,6,12
3,35,55,0,5,6,27,1,11
3,35,56,0,7,9,35,2,16
3,35,57,1,3,7,19,4,10
3,35,58,1,5,7,28,2,12
3,35,59,1,2,6,12,4,8
3,35,60,1,2,9,15,7,11
3,35,61,0,4,5,22,1,9
3,35,62,1,2,8,14,6,10
3,35,63,1,1,8,7,7,9
3,35,64,1,6,7,31,1,13
3,35,65,1,3,5,17,2,8
3,35,66,1,8,9,36,1,17
3,35,67,1,6,8,32,2,14
3,35,68,0,3,6,18,3,9
3,35,69,1,6,9,33,3,15
3,35,70,1,4,7,24,3,11
3,35,71,1,1,2,1,1,3
3,35,72,1,2,5,11,3,7
3,35,73,1,1,9,8,8,10
3,35,74,1,2,8,14,6,10
3,35,75,1,6,7,31,1,13
3,35,76,1,2,7,13,5,9
3,35,77,0,2,4,10,2,6
3,35,78,0,4,7,24,3,11
3,35,79,1,6,9,33,3,15
3,35,80,1,8,9,36,1,17
3,35,81,1,3,6,18,3,9
3,35,82,0,4,5,22,1,9
3,35,83,1,1,8,7,7,9
3,35,84,1,6,8,32,2,14
3,35,85,1,3,5,17,2,8
3,35,86,1,1,5,4,4,6
3,35,87,0,5,7,28,2,12
3,35,88,1,3,9,21,6,12
3,35,89,1,3,4,16,1,7
3,35,90,0,2,6,12,4,8
3,35,91,1,1,7,6,6,8
3,35,92,1,1,6,5,5,7
3,35,93,1,2,5,11,3,7
3,35,94,0,7,8,34,1,15
3,35,95,1,4,9,26,5,13
3,35,96,1,1,3,2,2,4
3,35,97,1,2,9,15,7,11
3,35,98,0,5,6,27,1,11
3,35,99,1,3,8,20,5,11
3,35,100,1,1,4,3,3,5
3,35,101,1,1,2,1,1,3
3,35,102,1,5,9,30,4,14
3,35,103,1,5,8,29,3,13
3,35,104,1,7,9,35,2,16
3,35,105,1,3,7,19,4,10
3,35,106,0,2,3,9,1,5
3,35,107,1,4,8,25,4,12
3,35,108,1,4,6,23,2,10
3,35,109,0,5,7,28,2,12
3,35,110,1,3,9,21,6,12
3,35,111,1,6,9,33,3,15
3,35,112,1,5,8,29,3,13
3,35,113,1,1,5,4,4,6
3,35,114,0,2,6,12,4,8
3,35,115,1,6,8,32,2,14
3,35,116,1,1,6,5,5,7
3,35,117,1,5,9,30,4,14
3,35,118,1,8,9,36,1,17
3,35,119,1,1,7,6,6,8
3,35,120,1,4,7,24,3,11
3,35,121,1,2,7,13,5,9
3,35,122,1,1,3,2,2,4
3,35,123,0,7,8,34,1,15
3,35,124,1,1,8,7,7,9
3,35,125,1,2,9,15,7,11
3,35,126,0,3,5,17,2,8
3,35,127,1,2,8,14,6,10
3,35,128,1,2,3,9,1,5
3,35,129,1,1,2,1,1,3
3,35,130,0,4,6,23,2,10
3,35,131,1,3,6,18,3,9
3,35,132,1,2,4,10,2,6
3,35,133,1,3,4,16,1,7
3,35,134,0,4,5,22,1,9
3,35,135,1,3,8,20,5,11
3,35,136,1,5,6,27,1,11
3,35,137,1,7,9,35,2,16
3,35,138,1,6,7,31,1,13
3,35,139,1,1,9,8,8,10
3,35,140,0,3,7,19,4,10
3,35,141,1,1,4,3,3,5
3,35,142,1,2,5,11,3,7
3,35,143,1,4,9,26,5,13
3,35,144,1,4,8,25,4,12